desc: I1 cache:         65536 B, 64 B, 2-way associative
desc: D1 cache:         16384 B, 64 B, 4-way associative
desc: LL cache:         12582912 B, 64 B, 192-way associative
cmd: ./um midmark.um
events: Ir I1mr ILmr Dr D1mr DLmr Dw D1mw DLmw 
fl=/h/jisken01/Desktop/comp40/um/profiling/emulator.c
fn=load
298 7433200 0 0 0 0 0 3716600 0 0
299 33449400 0 0 14866400 0 0 7433200 0 0
301 7433200 0 0 7433200 0 0 0 0 0
fn=load_program
250 2743884 1 1 1371942 0 0 685971 0 0
252 3429855 0 0 1371942 0 0 0 0 0
fn=map
278 1360030 1 1 0 0 0 544012 0 0
280 1360030 1 1 816018 0 0 272006 0 0
281 544012 0 0 272006 17 0 272006 0 0
282 1088024 0 0 816018 0 0 0 0 0
fn=new_em
100 4 1 1 0 0 0 2 0 0
101 3 1 1 0 0 0 1 0 0
102 3 0 0 0 0 0 2 0 0
103 6 0 0 1 0 0 2 0 0
104 16 0 0 0 0 0 0 0 0
105 16 0 0 0 0 0 8 0 0
107 1 0 0 0 0 0 1 0 0
108 3 1 1 0 0 0 1 0 0
112 5 0 0 3 0 0 0 0 0
fn=output
272 207 1 1 0 0 0 138 0 0
273 345 0 0 138 0 0 0 0 0
274 207 0 0 0 0 0 0 0 0
275 207 0 0 138 0 0 0 0 0
fn=run
124 4 1 1 1 1 0 1 0 0
133 49185363 0 0 16395121 0 0 16395121 0 0
134 32790240 0 0 0 0 0 0 0 0
136 49185360 0 0 16395120 113 2 0 0 0
144 37736970 1 1 6289495 0 0 6289495 0 0
145 18868485 0 0 6289495 0 0 6289495 0 0
146 6289495 0 0 0 0 0 0 0 0
153 5487768 1 1 685971 0 0 685971 0 0
154 685971 0 0 0 0 0 0 0 0
164 276 0 0 0 0 0 69 0 0
165 207 0 0 69 0 0 69 0 0
166 69 0 0 0 0 0 0 0 0
170 1306690 0 0 784014 0 0 261338 0 0
171 784014 0 0 261338 2 0 261338 0 0
172 261338 0 0 0 0 0 0 0 0
177 1904042 2 2 0 0 0 272006 0 0
178 816018 0 0 272006 0 0 272006 0 0
179 272006 0 0 0 0 0 0 0 0
189 2601525 0 0 867175 0 0 867175 0 0
190 867175 1 1 0 0 0 0 0 0
196 396429 0 0 108117 0 0 36039 0 0
197 72078 0 0 0 0 0 0 0 0
198 108117 0 0 36039 0 0 36039 0 0
199 36039 0 0 0 0 0 0 0 0
205 262750 0 0 78825 0 0 26275 0 0
206 26275 0 0 0 0 0 0 0 0
207 78825 0 0 26275 0 0 26275 0 0
208 26275 0 0 0 0 0 0 0 0
214 6048880 1 1 1814664 0 0 604888 0 0
215 604888 0 0 0 0 0 0 0 0
216 1814664 0 0 604888 0 0 604888 0 0
217 604888 0 0 0 0 0 0 0 0
223 31099830 2 2 0 0 0 3109983 0 0
224 9329949 0 0 3109983 0 0 3109983 0 0
225 3109983 0 0 0 0 0 0 0 0
231 37166000 0 0 0 0 0 3716600 0 0
232 11149800 1 1 3716600 0 0 3716600 0 0
233 3716600 0 0 0 0 0 0 0 0
240 1575843 0 0 525281 0 0 525281 0 0
241 525281 0 0 0 0 0 0 0 0
287 5203050 1 1 867175 0 0 0 0 0
288 6070225 0 0 1734350 0 0 867175 0 0
305 3151686 0 0 1050562 0 0 0 0 0
306 3287564 0 0 469652 0 0 469652 0 0
fn=store
293 24879864 0 0 12439932 0 0 0 0 0
294 3109983 1 1 3109983 0 0 0 0 0
fl=/h/jisken01/Desktop/comp40/um/profiling/memory.c
fn=get_word
63 100558600 1 1 60335160 950528 0 0 0 0
65 20111720 0 0 20111720 0 0 0 0 0
fn=load_file
112 10 1 1 0 0 0 7 0 0
115 1 0 0 0 0 0 0 0 0
116 1 1 1 0 0 0 0 0 0
117 1 0 0 0 0 0 0 0 0
120 4 0 0 1 0 0 2 0 0
122 240882 0 0 0 0 0 0 0 0
124 361323 0 0 120440 0 0 120441 0 0
125 361323 0 0 0 0 0 0 0 0
127 240880 0 0 0 0 0 0 0 0
128 66 0 0 22 0 0 22 1 0
130 11 0 0 0 0 0 0 0 0
133 331213 1 1 0 0 0 0 0 0
134 120440 1 1 60220 1 0 30110 1874 1862
135 30110 0 0 0 0 0 0 0 0
137 60220 0 0 0 0 0 0 0 0
142 8 1 1 2 0 0 2 0 0
144 3 0 0 2 0 0 1 0 0
146 8 0 0 7 1 0 0 0 0
fn=map_seg
74 1904042 1 1 0 0 0 1360030 73 0
78 1088024 0 0 272006 0 0 272006 0 0
79 60 1 1 24 0 0 24 0 0
81 12 0 0 12 5 0 0 0 0
82 163908 0 0 40950 1 0 0 0 0
84 40950 0 0 0 0 0 40950 5115 4857
85 163800 1 1 40950 0 0 40950 0 0
87 24 0 0 0 0 0 12 0 0
90 816018 0 0 272006 0 0 272006 0 0
91 2176048 0 0 544012 8 0 544012 35709 0
92 5165136 1 1 272006 0 0 0 0 0
93 3261094 0 0 0 0 0 1630547 39325 1618
96 272006 0 0 0 0 0 272006 2918 0
101 1904042 0 0 1632036 20 0 0 0 0
fn=new_mem
25 6 1 1 0 0 0 4 0 0
26 3 0 0 0 0 0 1 0 0
27 2 0 0 0 0 0 2 0 0
28 4 1 1 0 0 0 2 0 0
31 23 1 1 0 0 0 0 0 0
32 22 0 0 9 0 0 10 0 0
33 18 0 0 0 0 0 0 0 0
34 36 0 0 9 0 0 9 0 0
38 1 0 0 0 0 0 1 0 0
41 7 0 0 5 0 0 0 0 0
fn=set_word
69 18659898 0 0 9329949 8 0 3109983 2533 0
fn=unmap_seg
104 1045352 0 0 0 0 0 522676 0 0
105 1045352 0 0 261338 0 0 261338 0 0
106 784014 0 0 522676 6 0 261338 0 0
107 522676 0 0 261338 0 0 261338 0 0
109 1045352 0 0 784014 0 0 0 0 0
fl=/h/jisken01/Desktop/comp40/um/profiling/um.c
fn=main
12 3 1 1 0 0 0 2 0 0
13 2 0 0 0 0 0 0 0 0
18 4 1 1 1 1 0 1 0 0
19 3 0 0 0 0 0 1 0 0
20 2 0 0 0 0 0 1 0 0
fl=/usr/src/debug////////glibc-2.17-c758a686/elf/../sysdeps/x86_64/dl-trampoline.h
fn=_dl_runtime_resolve_avx_slow
70 7 1 1 0 0 0 0 0 0
71 7 0 0 0 0 0 0 0 0
72 7 0 0 0 0 0 0 0 0
73 7 0 0 0 0 0 0 0 0
74 7 0 0 0 0 0 0 0 0
75 7 0 0 0 0 0 0 0 0
76 7 0 0 0 0 0 0 0 0
77 7 0 0 0 0 0 0 0 0
78 7 0 0 0 0 0 0 0 0
81 7 0 0 0 0 0 0 0 0
84 7 0 0 0 0 0 0 0 0
87 7 0 0 0 0 0 0 0 0
fn=_dl_runtime_resolve_sse_vex
171 7 1 1 0 0 0 0 0 0
174 7 0 0 0 0 0 7 0 0
175 7 0 0 0 0 0 7 0 0
176 7 0 0 0 0 0 7 0 0
177 7 1 1 0 0 0 7 0 0
178 7 0 0 0 0 0 7 0 0
179 7 0 0 0 0 0 7 0 0
180 7 0 0 0 0 0 7 0 0
181 7 0 0 0 0 0 7 1 0
182 7 0 0 0 0 0 7 0 0
183 7 0 0 0 0 0 7 0 0
184 7 0 0 0 0 0 7 0 0
185 7 0 0 0 0 0 7 1 0
186 7 1 1 0 0 0 7 0 0
187 7 0 0 0 0 0 7 0 0
188 7 0 0 0 0 0 7 0 0
193 7 0 0 0 0 0 0 0 0
194 7 0 0 0 0 0 0 0 0
195 7 0 0 0 0 0 0 0 0
196 7 0 0 0 0 0 0 0 0
210 7 0 0 7 0 0 0 0 0
211 7 1 1 7 0 0 0 0 0
212 7 0 0 0 0 0 7 1 0
213 7 0 0 0 0 0 0 0 0
218 7 0 0 0 0 0 0 0 0
219 7 0 0 0 0 0 0 0 0
220 7 0 0 0 0 0 0 0 0
221 7 0 0 0 0 0 0 0 0
234 7 0 0 7 0 0 0 0 0
235 7 0 0 7 0 0 0 0 0
236 7 1 1 7 0 0 0 0 0
237 7 0 0 7 0 0 0 0 0
238 7 0 0 7 0 0 0 0 0
239 7 0 0 7 0 0 0 0 0
240 7 0 0 7 0 0 0 0 0
241 7 0 0 7 0 0 0 0 0
242 7 0 0 7 0 0 0 0 0
243 7 0 0 7 0 0 0 0 0
244 7 0 0 7 0 0 0 0 0
245 7 0 0 7 0 0 0 0 0
246 7 0 0 7 0 0 0 0 0
247 7 0 0 7 0 0 0 0 0
248 7 0 0 7 0 0 0 0 0
256 7 0 0 0 0 0 0 0 0
259 7 0 0 0 0 0 0 0 0
fl=/usr/src/debug////////glibc-2.17-c758a686/io/../sysdeps/unix/syscall-template.S
fn=__open_nocancel
81 5 0 0 1 0 0 0 0 0
fn=__read_nocancel
81 80 0 0 16 0 0 0 0 0
fn=__write_nocancel
81 10 1 1 2 0 0 0 0 0
fn=access
81 4 1 1 0 0 0 0 0 0
83 5 0 0 1 0 0 1 0 0
fn=close
81 16 0 0 0 0 0 0 0 0
82 4 0 0 4 0 0 0 0 0
fn=open
81 58 2 2 1 0 0 0 0 0
82 4 0 0 4 0 0 0 0 0
83 50 0 0 10 0 0 10 0 0
fn=read
81 44 2 2 16 0 0 0 0 0
82 3 0 0 3 0 0 0 0 0
fn=write
81 4 1 1 2 0 0 0 0 0
fl=/usr/src/debug////////glibc-2.17-c758a686/math/../sysdeps/x86_64/fpu/multiarch/s_floor.S
fn=floor
25 1 1 1 1 0 0 0 0 0
26 1 0 0 0 0 0 0 0 0
27 1 1 1 1 0 0 0 0 0
28 1 0 0 0 0 0 0 0 0
30 1 0 0 1 0 0 0 0 0
fl=/usr/src/debug////////glibc-2.17-c758a686/math/../sysdeps/x86_64/fpu/multiarch/s_floorf.S
fn=floorf
25 1 1 1 1 0 0 0 0 0
26 1 0 0 0 0 0 0 0 0
27 1 0 0 1 0 0 0 0 0
28 1 0 0 0 0 0 0 0 0
30 1 0 0 1 0 0 0 0 0
fl=/usr/src/debug////////glibc-2.17-c758a686/math/../sysdeps/x86_64/fpu/multiarch/s_rint.S
fn=rint
25 1 1 1 1 0 0 0 0 0
26 1 0 0 0 0 0 0 0 0
27 1 0 0 1 0 0 0 0 0
28 1 0 0 0 0 0 0 0 0
30 1 0 0 1 0 0 0 0 0
fl=/usr/src/debug////////glibc-2.17-c758a686/math/../sysdeps/x86_64/fpu/multiarch/s_rintf.S
fn=rintf
25 1 1 1 1 0 0 0 0 0
26 1 0 0 0 0 0 0 0 0
27 1 1 1 1 0 0 0 0 0
28 1 0 0 0 0 0 0 0 0
30 1 0 0 1 0 0 0 0 0
fl=/usr/src/debug////////glibc-2.17-c758a686/misc/../sysdeps/unix/syscall-template.S
fn=mprotect
81 32 1 1 0 0 0 0 0 0
82 8 0 0 8 0 0 0 0 0
fn=mremap
81 10 1 1 0 0 0 0 0 0
82 2 0 0 2 0 0 0 0 0
fn=munmap
81 4 0 0 0 0 0 0 0 0
82 1 0 0 1 0 0 0 0 0
fl=/usr/src/debug////////glibc-2.17-c758a686/posix/../sysdeps/unix/syscall-template.S
fn=uname
81 4 1 1 0 0 0 0 0 0
82 1 0 0 1 0 0 0 0 0
fl=/usr/src/debug////////glibc-2.17-c758a686/setjmp/../sysdeps/x86_64/bsd-_setjmp.S
fn=_setjmp
33 1 1 1 0 0 0 0 0 0
35 1 0 0 0 0 0 0 0 0
fl=/usr/src/debug////////glibc-2.17-c758a686/setjmp/../sysdeps/x86_64/setjmp.S
fn=__sigsetjmp
26 7 2 2 0 0 0 7 0 0
35 7 0 0 0 0 0 0 0 0
36 14 0 0 7 0 0 0 0 0
37 7 0 0 0 0 0 7 0 0
41 7 0 0 0 0 0 7 0 0
42 7 0 0 0 0 0 7 0 0
43 7 1 1 0 0 0 7 0 0
44 7 0 0 0 0 0 7 1 1
45 7 0 0 0 0 0 0 0 0
47 14 0 0 7 0 0 0 0 0
49 7 0 0 0 0 0 7 0 0
50 7 0 0 7 0 0 0 0 0
51 7 0 0 0 0 0 0 0 0
53 14 1 1 7 0 0 0 0 0
55 7 0 0 0 0 0 7 0 0
59 6 0 0 0 0 0 0 0 0
60 6 0 0 6 0 0 0 0 0
64 1 0 0 0 0 0 0 0 0
fl=/usr/src/debug////////glibc-2.17-c758a686/string/../sysdeps/x86_64/memcpy.S
fn=__GI_memcpy
61 12 1 1 0 0 0 0 0 0
63 12 0 0 0 0 0 0 0 0
65 12 0 0 0 0 0 0 0 0
68 8 0 0 0 0 0 0 0 0
69 8 0 0 0 0 0 0 0 0
80 8 0 0 0 0 0 0 0 0
81 8 0 0 0 0 0 0 0 0
92 8 1 1 0 0 0 0 0 0
93 8 0 0 0 0 0 0 0 0
104 8 0 0 0 0 0 0 0 0
105 8 0 0 0 0 0 0 0 0
107 8 0 0 8 0 0 0 0 0
108 8 0 0 0 0 0 8 1 0
110 8 0 0 0 0 0 0 0 0
111 8 0 0 0 0 0 0 0 0
116 8 0 0 0 0 0 0 0 0
117 9 0 0 0 0 0 0 0 0
122 1 0 0 1 0 0 0 0 0
123 1 0 0 1 0 0 0 0 0
124 1 0 0 0 0 0 1 0 0
125 1 0 0 0 0 0 1 0 0
127 1 0 0 0 0 0 0 0 0
129 1 0 0 0 0 0 0 0 0
130 1 0 0 0 0 0 0 0 0
132 1 0 0 0 0 0 0 0 0
140 8 0 0 8 0 0 0 0 0
148 12 1 1 0 0 0 12 0 0
154 12 0 0 0 0 0 0 0 0
156 12 0 0 0 0 0 0 0 0
157 12 0 0 0 0 0 0 0 0
183 12 1 1 0 0 0 0 0 0
184 12 0 0 0 0 0 0 0 0
187 4 0 0 0 0 0 0 0 0
188 4 0 0 0 0 0 0 0 0
189 4 0 0 0 0 0 0 0 0
194 19 0 0 0 0 0 0 0 0
196 19 0 0 19 0 0 0 0 0
197 19 0 0 19 0 0 0 0 0
198 19 0 0 19 0 0 0 0 0
199 19 0 0 19 0 0 0 0 0
201 19 0 0 0 0 0 19 5 0
202 19 0 0 0 0 0 19 0 0
203 19 0 0 0 0 0 19 10 0
204 19 0 0 0 0 0 19 0 0
206 19 1 1 0 0 0 0 0 0
207 19 0 0 0 0 0 0 0 0
209 19 0 0 0 0 0 0 0 0
211 18 0 0 0 0 0 0 0 0
213 18 0 0 18 0 0 0 0 0
214 18 0 0 18 0 0 0 0 0
215 18 0 0 18 0 0 0 0 0
216 18 0 0 18 0 0 0 0 0
218 18 0 0 0 0 0 18 1 0
219 18 0 0 0 0 0 18 0 0
220 18 0 0 0 0 0 18 2 0
221 18 0 0 0 0 0 18 0 0
223 18 0 0 0 0 0 0 0 0
224 18 0 0 0 0 0 0 0 0
226 24 0 0 0 0 0 0 0 0
231 4 0 0 0 0 0 0 0 0
237 4 0 0 4 0 0 0 0 0
238 4 0 0 0 0 0 0 0 0
257 8 1 1 8 8 0 0 0 0
258 8 0 0 0 0 0 0 0 0
259 8 0 0 0 0 0 0 0 0
264 8 0 0 0 0 0 0 0 0
265 8 0 0 0 0 0 0 0 0
269 8 0 0 0 0 0 0 0 0
270 8 0 0 0 0 0 0 0 0
272 10604 0 0 10596 1295 0 10596 1325 1024
273 8 0 0 0 0 0 0 0 0
279 8 0 0 0 0 0 0 0 0
280 8 0 0 0 0 0 0 0 0
281 8 0 0 0 0 0 0 0 0
284 4 0 0 0 0 0 0 0 0
290 4 0 0 4 1 0 0 0 0
291 4 0 0 0 0 0 0 0 0
293 4 0 0 4 0 0 0 0 0
306 4 1 1 4 4 0 0 0 0
307 4 0 0 0 0 0 0 0 0
308 4 0 0 0 0 0 0 0 0
311 4 0 0 0 0 0 0 0 0
312 4 0 0 0 0 0 0 0 0
313 4 0 0 0 0 0 0 0 0
314 4 0 0 0 0 0 0 0 0
316 4 0 0 0 0 0 4 4 0
318 4 0 0 0 0 0 4 0 0
320 4 0 0 0 0 0 4 1 0
322 4 1 1 0 0 0 4 0 0
325 4 0 0 4 4 1 0 0 0
326 4 0 0 0 0 0 0 0 0
395 1248 1 1 0 0 0 0 0 0
397 1248 0 0 1248 0 0 0 0 0
398 1248 0 0 1248 0 0 0 0 0
399 1248 0 0 1248 0 0 0 0 0
400 1248 0 0 1248 0 0 0 0 0
401 1248 0 0 1248 1024 0 0 0 0
402 1248 0 0 1248 0 0 0 0 0
403 1248 0 0 1248 224 0 0 0 0
404 1248 0 0 1248 0 0 0 0 0
406 1248 0 0 0 0 0 0 0 0
407 1248 0 0 0 0 0 0 0 0
409 1248 1 1 0 0 0 1248 0 0
410 1248 0 0 0 0 0 1248 0 0
411 1248 0 0 0 0 0 1248 0 0
412 1248 0 0 0 0 0 1248 0 0
413 1248 0 0 0 0 0 1248 192 192
414 1248 0 0 0 0 0 1248 0 0
415 1248 0 0 0 0 0 1248 1056 1047
416 1248 0 0 0 0 0 1248 0 0
418 1248 0 0 0 0 0 0 0 0
419 1248 0 0 0 0 0 0 0 0
421 1248 0 0 0 0 0 0 0 0
423 1248 0 0 0 0 0 0 0 0
425 1248 0 0 1248 0 0 0 0 0
426 1248 0 0 1248 0 0 0 0 0
427 1248 0 0 1248 0 0 0 0 0
428 1248 0 0 1248 0 0 0 0 0
429 1248 0 0 1248 1024 0 0 0 0
430 1248 1 1 1248 0 0 0 0 0
431 1248 0 0 1248 224 0 0 0 0
432 1248 0 0 1248 0 0 0 0 0
434 1248 0 0 0 0 0 0 0 0
435 1248 0 0 0 0 0 0 0 0
437 1248 0 0 0 0 0 1248 0 0
438 1248 0 0 0 0 0 1248 0 0
439 1248 0 0 0 0 0 1248 0 0
440 1248 0 0 0 0 0 1248 0 0
441 1248 0 0 0 0 0 1248 192 192
442 1248 0 0 0 0 0 1248 0 0
443 1248 0 0 0 0 0 1248 1056 1045
444 1248 0 0 0 0 0 1248 0 0
446 1248 0 0 0 0 0 0 0 0
447 1248 0 0 0 0 0 0 0 0
449 1248 1 1 0 0 0 0 0 0
452 4 0 0 4 3 0 0 0 0
454 4 0 0 4 0 0 0 0 0
456 4 0 0 4 1 0 0 0 0
458 4 0 0 4 0 0 0 0 0
464 4 0 0 0 0 0 0 0 0
465 4 0 0 0 0 0 0 0 0
466 4 0 0 0 0 0 0 0 0
468 4 0 0 0 0 0 0 0 0
474 4 0 0 4 0 0 0 0 0
475 4 0 0 0 0 0 0 0 0
fn=memcpy
61 19 1 1 0 0 0 0 0 0
63 19 0 0 0 0 0 0 0 0
65 19 0 0 0 0 0 0 0 0
68 19 0 0 0 0 0 0 0 0
69 19 0 0 0 0 0 0 0 0
71 6 0 0 6 0 0 0 0 0
72 6 0 0 0 0 0 6 1 1
74 6 0 0 0 0 0 0 0 0
75 6 0 0 0 0 0 0 0 0
80 19 0 0 0 0 0 0 0 0
81 19 0 0 0 0 0 0 0 0
83 2 0 0 2 0 0 0 0 0
84 2 0 0 0 0 0 2 2 2
86 2 0 0 0 0 0 0 0 0
87 4 0 0 0 0 0 0 0 0
92 19 1 1 0 0 0 0 0 0
93 19 0 0 0 0 0 0 0 0
95 3 0 0 3 0 0 0 0 0
96 3 0 0 0 0 0 3 0 0
98 3 0 0 0 0 0 0 0 0
99 3 0 0 0 0 0 0 0 0
104 19 0 0 0 0 0 0 0 0
105 19 0 0 0 0 0 0 0 0
107 9 0 0 9 0 0 0 0 0
108 9 0 0 0 0 0 9 2 2
110 9 0 0 0 0 0 0 0 0
111 9 0 0 0 0 0 0 0 0
116 19 0 0 0 0 0 0 0 0
117 28 0 0 0 0 0 0 0 0
122 9 0 0 9 0 0 0 0 0
123 9 0 0 9 0 0 0 0 0
124 9 0 0 0 0 0 9 1 1
125 9 0 0 0 0 0 9 0 0
127 9 0 0 0 0 0 0 0 0
129 9 0 0 0 0 0 0 0 0
130 9 0 0 0 0 0 0 0 0
132 9 0 0 0 0 0 0 0 0
140 19 1 1 19 0 0 0 0 0
148 4 0 0 0 0 0 4 0 0
154 4 0 0 0 0 0 0 0 0
156 4 0 0 0 0 0 0 0 0
157 4 0 0 0 0 0 0 0 0
160 1 0 0 0 0 0 0 0 0
161 3 0 0 0 0 0 0 0 0
166 2 1 1 2 0 0 0 0 0
167 2 0 0 0 0 0 2 1 1
169 2 0 0 0 0 0 0 0 0
171 2 0 0 0 0 0 0 0 0
172 2 0 0 0 0 0 0 0 0
174 4 0 0 0 0 0 0 0 0
183 4 0 0 0 0 0 0 0 0
184 4 0 0 0 0 0 0 0 0
187 4 0 0 0 0 0 0 0 0
188 4 0 0 0 0 0 0 0 0
189 4 0 0 0 0 0 0 0 0
194 4 0 0 0 0 0 0 0 0
196 4 0 0 4 0 0 0 0 0
197 4 0 0 4 0 0 0 0 0
198 4 0 0 4 0 0 0 0 0
199 4 1 1 4 0 0 0 0 0
201 4 0 0 0 0 0 4 1 1
202 4 0 0 0 0 0 4 0 0
203 4 0 0 0 0 0 4 1 1
204 4 0 0 0 0 0 4 0 0
206 4 0 0 0 0 0 0 0 0
207 4 0 0 0 0 0 0 0 0
209 4 0 0 0 0 0 0 0 0
211 3 0 0 0 0 0 0 0 0
213 3 0 0 3 0 0 0 0 0
214 3 0 0 3 0 0 0 0 0
215 3 0 0 3 0 0 0 0 0
216 3 0 0 3 0 0 0 0 0
218 3 0 0 0 0 0 3 0 0
219 3 0 0 0 0 0 3 1 1
220 3 0 0 0 0 0 3 0 0
221 3 0 0 0 0 0 3 1 1
223 3 0 0 0 0 0 0 0 0
224 3 1 1 0 0 0 0 0 0
226 9 0 0 0 0 0 0 0 0
231 4 0 0 0 0 0 0 0 0
237 4 0 0 4 0 0 0 0 0
238 4 0 0 0 0 0 0 0 0
fn=mempcpy
61 32 1 1 0 0 0 0 0 0
65 32 0 0 0 0 0 0 0 0
68 32 0 0 0 0 0 0 0 0
69 32 0 0 0 0 0 0 0 0
71 13 0 0 13 1 1 0 0 0
72 13 0 0 0 0 0 13 2 2
74 13 1 1 0 0 0 0 0 0
75 13 0 0 0 0 0 0 0 0
80 32 0 0 0 0 0 0 0 0
81 32 0 0 0 0 0 0 0 0
83 19 0 0 19 0 0 0 0 0
84 19 0 0 0 0 0 19 0 0
86 19 0 0 0 0 0 0 0 0
87 19 0 0 0 0 0 0 0 0
92 32 0 0 0 0 0 0 0 0
93 32 0 0 0 0 0 0 0 0
95 12 0 0 12 0 0 0 0 0
96 12 0 0 0 0 0 12 0 0
98 12 0 0 0 0 0 0 0 0
99 12 0 0 0 0 0 0 0 0
104 32 0 0 0 0 0 0 0 0
105 32 0 0 0 0 0 0 0 0
107 18 0 0 18 0 0 0 0 0
108 18 0 0 0 0 0 18 1 1
110 18 0 0 0 0 0 0 0 0
111 36 0 0 0 0 0 0 0 0
116 32 1 1 0 0 0 0 0 0
117 35 0 0 0 0 0 0 0 0
122 3 0 0 3 1 0 0 0 0
123 3 0 0 3 0 0 0 0 0
124 3 0 0 0 0 0 3 1 1
125 3 0 0 0 0 0 3 0 0
127 3 0 0 0 0 0 0 0 0
129 3 0 0 0 0 0 0 0 0
130 3 0 0 0 0 0 0 0 0
132 3 0 0 0 0 0 0 0 0
138 32 0 0 0 0 0 0 0 0
142 32 0 0 32 0 0 0 0 0
154 1 0 0 0 0 0 0 0 0
156 1 0 0 0 0 0 0 0 0
157 1 0 0 0 0 0 0 0 0
183 1 1 1 0 0 0 0 0 0
184 1 0 0 0 0 0 0 0 0
187 1 0 0 0 0 0 0 0 0
188 1 0 0 0 0 0 0 0 0
189 1 0 0 0 0 0 0 0 0
194 1 0 0 0 0 0 0 0 0
196 1 0 0 1 0 0 0 0 0
197 1 0 0 1 0 0 0 0 0
198 1 0 0 1 0 0 0 0 0
199 1 1 1 1 0 0 0 0 0
201 1 0 0 0 0 0 1 0 0
202 1 0 0 0 0 0 1 0 0
203 1 0 0 0 0 0 1 0 0
204 1 0 0 0 0 0 1 0 0
206 1 0 0 0 0 0 0 0 0
207 1 0 0 0 0 0 0 0 0
209 1 0 0 0 0 0 0 0 0
211 1 0 0 0 0 0 0 0 0
213 1 0 0 1 0 0 0 0 0
214 1 0 0 1 0 0 0 0 0
215 1 0 0 1 0 0 0 0 0
216 1 0 0 1 0 0 0 0 0
218 1 0 0 0 0 0 1 0 0
219 1 0 0 0 0 0 1 0 0
220 1 0 0 0 0 0 1 1 1
221 1 0 0 0 0 0 1 0 0
223 1 0 0 0 0 0 0 0 0
224 1 1 1 0 0 0 0 0 0
226 3 0 0 0 0 0 0 0 0
231 1 0 0 0 0 0 0 0 0
233 1 0 0 0 0 0 0 0 0
fl=/usr/src/debug////////glibc-2.17-c758a686/string/../sysdeps/x86_64/multiarch/memset.S
fn=memset
27 1 1 1 1 0 0 0 0 0
28 1 0 0 0 0 0 0 0 0
29 1 0 0 1 0 0 0 0 0
30 1 0 0 0 0 0 0 0 0
31 1 1 1 0 0 0 0 0 0
33 1 0 0 1 0 0 0 0 0
34 1 0 0 0 0 0 0 0 0
39 1 0 0 1 0 0 0 0 0
fl=/usr/src/debug////////glibc-2.17-c758a686/string/../sysdeps/x86_64/multiarch/strcmp.S
fn=strcasecmp
100 1 1 1 1 1 0 0 0 0
102 1 0 0 0 0 0 0 0 0
103 1 0 0 1 1 0 0 0 0
104 1 0 0 0 0 0 0 0 0
113 1 1 1 1 0 0 0 0 0
fn=strncasecmp
120 1 1 1 1 0 0 0 0 0
122 1 0 0 0 0 0 0 0 0
123 1 0 0 1 0 0 0 0 0
124 1 0 0 0 0 0 0 0 0
133 1 1 1 1 0 0 0 0 0
fl=/usr/src/debug////////glibc-2.17-c758a686/string/../sysdeps/x86_64/multiarch/strnlen.S
fn=strnlen
30 1 1 1 1 0 0 0 0 0
31 1 0 0 0 0 0 0 0 0
32 1 0 0 1 0 0 0 0 0
33 1 0 0 0 0 0 0 0 0
35 1 0 0 1 0 0 0 0 0
fl=/usr/src/debug////////glibc-2.17-c758a686/string/../sysdeps/x86_64/rtld-memset.S
fn=memset
30 8 0 0 0 0 0 0 0 0
31 8 0 0 0 0 0 0 0 0
32 8 0 0 0 0 0 0 0 0
33 2138 0 0 0 0 0 2130 35 35
34 8 0 0 0 0 0 0 0 0
35 8 0 0 8 0 0 0 0 0
fl=/usr/src/debug////////glibc-2.17-c758a686/string/../sysdeps/x86_64/rtld-strchr.S
fn=index
40 10 1 1 0 0 0 0 0 0
41 10 0 0 0 0 0 0 0 0
42 10 0 0 0 0 0 0 0 0
43 10 0 0 0 0 0 0 0 0
44 6 0 0 0 0 0 0 0 0
45 6 0 0 0 0 0 0 0 0
48 30 0 0 30 3 3 0 0 0
49 30 0 0 0 0 0 0 0 0
50 30 0 0 0 0 0 0 0 0
51 30 0 0 0 0 0 0 0 0
52 30 0 0 0 0 0 0 0 0
53 30 0 0 0 0 0 0 0 0
54 30 0 0 0 0 0 0 0 0
55 30 0 0 0 0 0 0 0 0
64 10 1 1 0 0 0 0 0 0
65 10 0 0 0 0 0 0 0 0
66 10 0 0 0 0 0 0 0 0
68 20 0 0 0 0 0 0 0 0
100 12 0 0 12 0 0 0 0 0
101 12 0 0 0 0 0 0 0 0
102 12 0 0 0 0 0 0 0 0
103 12 0 0 0 0 0 0 0 0
105 12 0 0 0 0 0 0 0 0
108 12 0 0 0 0 0 0 0 0
109 12 0 0 0 0 0 0 0 0
110 12 0 0 0 0 0 0 0 0
111 12 0 0 0 0 0 0 0 0
113 12 1 1 0 0 0 0 0 0
118 11 0 0 0 0 0 0 0 0
119 11 0 0 0 0 0 0 0 0
120 11 0 0 0 0 0 0 0 0
123 11 0 0 0 0 0 0 0 0
124 10 0 0 0 0 0 0 0 0
125 10 0 0 0 0 0 0 0 0
126 10 0 0 0 0 0 0 0 0
128 10 0 0 0 0 0 0 0 0
131 6 0 0 6 0 0 0 0 0
132 6 0 0 0 0 0 0 0 0
133 6 0 0 0 0 0 0 0 0
134 6 0 0 0 0 0 0 0 0
136 6 0 0 0 0 0 0 0 0
139 6 0 0 0 0 0 0 0 0
140 6 0 0 0 0 0 0 0 0
141 6 0 0 0 0 0 0 0 0
142 6 1 1 0 0 0 0 0 0
144 6 0 0 0 0 0 0 0 0
149 6 0 0 0 0 0 0 0 0
150 6 0 0 0 0 0 0 0 0
151 6 0 0 0 0 0 0 0 0
154 6 0 0 0 0 0 0 0 0
155 6 0 0 0 0 0 0 0 0
156 6 0 0 0 0 0 0 0 0
157 6 0 0 0 0 0 0 0 0
159 6 0 0 0 0 0 0 0 0
161 4 0 0 4 0 0 0 0 0
162 4 0 0 0 0 0 0 0 0
163 4 0 0 0 0 0 0 0 0
164 4 0 0 0 0 0 0 0 0
166 4 0 0 0 0 0 0 0 0
169 4 0 0 0 0 0 0 0 0
170 4 0 0 0 0 0 0 0 0
171 4 0 0 0 0 0 0 0 0
172 4 0 0 0 0 0 0 0 0
174 4 0 0 0 0 0 0 0 0
179 4 0 0 0 0 0 0 0 0
180 4 1 1 0 0 0 0 0 0
181 4 0 0 0 0 0 0 0 0
184 4 0 0 0 0 0 0 0 0
185 4 0 0 0 0 0 0 0 0
186 4 0 0 0 0 0 0 0 0
187 4 0 0 0 0 0 0 0 0
189 4 0 0 0 0 0 0 0 0
191 3 0 0 3 0 0 0 0 0
192 3 0 0 0 0 0 0 0 0
193 3 0 0 0 0 0 0 0 0
194 3 0 0 0 0 0 0 0 0
196 3 0 0 0 0 0 0 0 0
199 3 0 0 0 0 0 0 0 0
200 3 0 0 0 0 0 0 0 0
201 3 0 0 0 0 0 0 0 0
202 3 0 0 0 0 0 0 0 0
204 3 0 0 0 0 0 0 0 0
209 3 0 0 0 0 0 0 0 0
210 3 0 0 0 0 0 0 0 0
211 3 0 0 0 0 0 0 0 0
214 3 0 0 0 0 0 0 0 0
215 3 0 0 0 0 0 0 0 0
216 3 0 0 0 0 0 0 0 0
217 3 1 1 0 0 0 0 0 0
219 3 0 0 0 0 0 0 0 0
223 9 0 0 0 0 0 0 0 0
224 9 0 0 9 0 0 0 0 0
235 1 0 0 0 0 0 0 0 0
236 1 0 0 0 0 0 0 0 0
237 1 0 0 0 0 0 0 0 0
238 1 0 0 0 0 0 0 0 0
285 1 1 1 0 0 0 0 0 0
286 1 0 0 1 0 0 0 0 0
fl=/usr/src/debug////////glibc-2.17-c758a686/string/../sysdeps/x86_64/rtld-strlen.S
fn=strlen
28 18 1 1 0 0 0 0 0 0
29 18 0 0 0 0 0 0 0 0
30 18 0 0 0 0 0 0 0 0
31 18 0 0 0 0 0 0 0 0
33 8 0 0 0 0 0 0 0 0
34 8 0 0 0 0 0 0 0 0
36 26 0 0 26 1 1 0 0 0
37 26 0 0 0 0 0 0 0 0
38 25 0 0 0 0 0 0 0 0
39 25 0 0 0 0 0 0 0 0
40 25 0 0 0 0 0 0 0 0
42 34 0 0 0 0 0 0 0 0
47 23 0 0 23 1 1 0 0 0
48 23 0 0 0 0 0 0 0 0
49 23 0 0 0 0 0 0 0 0
50 23 0 0 0 0 0 0 0 0
53 23 0 0 0 0 0 0 0 0
54 19 1 1 0 0 0 0 0 0
55 19 0 0 0 0 0 0 0 0
56 19 0 0 0 0 0 0 0 0
58 19 0 0 0 0 0 0 0 0
61 15 0 0 15 0 0 0 0 0
62 15 0 0 0 0 0 0 0 0
63 15 0 0 0 0 0 0 0 0
64 15 0 0 0 0 0 0 0 0
67 15 0 0 0 0 0 0 0 0
68 13 0 0 0 0 0 0 0 0
69 13 0 0 0 0 0 0 0 0
70 13 0 0 0 0 0 0 0 0
72 13 0 0 0 0 0 0 0 0
75 12 0 0 12 1 1 0 0 0
76 12 0 0 0 0 0 0 0 0
77 12 0 0 0 0 0 0 0 0
78 12 0 0 0 0 0 0 0 0
81 12 0 0 0 0 0 0 0 0
82 8 0 0 0 0 0 0 0 0
83 8 0 0 0 0 0 0 0 0
84 8 0 0 0 0 0 0 0 0
86 8 0 0 0 0 0 0 0 0
89 7 0 0 7 0 0 0 0 0
90 7 0 0 0 0 0 0 0 0
91 7 0 0 0 0 0 0 0 0
92 7 0 0 0 0 0 0 0 0
95 7 0 0 0 0 0 0 0 0
96 7 0 0 0 0 0 0 0 0
97 7 0 0 0 0 0 0 0 0
98 7 0 0 0 0 0 0 0 0
100 8 0 0 0 0 0 0 0 0
103 17 1 1 0 0 0 0 0 0
105 17 0 0 0 0 0 0 0 0
106 17 0 0 0 0 0 0 0 0
107 12 0 0 0 0 0 0 0 0
109 12 0 0 0 0 0 0 0 0
110 12 0 0 0 0 0 0 0 0
111 12 0 0 0 0 0 0 0 0
113 12 0 0 0 0 0 0 0 0
114 12 0 0 0 0 0 0 0 0
115 10 0 0 0 0 0 0 0 0
117 10 1 1 0 0 0 0 0 0
118 10 0 0 0 0 0 0 0 0
119 5 0 0 0 0 0 0 0 0
121 5 0 0 0 0 0 0 0 0
123 5 0 0 0 0 0 0 0 0
124 5 0 0 0 0 0 0 0 0
125 5 0 0 0 0 0 0 0 0
127 5 0 0 0 0 0 0 0 0
128 5 0 0 0 0 0 0 0 0
129 2 0 0 0 0 0 0 0 0
131 2 0 0 0 0 0 0 0 0
132 2 0 0 0 0 0 0 0 0
133 1 0 0 0 0 0 0 0 0
135 18 0 0 0 0 0 0 0 0
136 18 0 0 18 0 0 0 0 0
fl=/usr/src/debug////////glibc-2.17-c758a686/string/../sysdeps/x86_64/strchrnul.S
fn=strchrnul
26 138 1 1 0 0 0 0 0 0
27 138 0 0 0 0 0 0 0 0
28 138 0 0 0 0 0 0 0 0
29 138 0 0 0 0 0 0 0 0
30 138 0 0 0 0 0 0 0 0
31 138 0 0 0 0 0 0 0 0
32 138 0 0 0 0 0 0 0 0
33 138 0 0 138 0 0 0 0 0
34 138 0 0 0 0 0 0 0 0
35 138 0 0 0 0 0 0 0 0
36 138 0 0 0 0 0 0 0 0
37 138 0 0 0 0 0 0 0 0
38 138 1 1 0 0 0 0 0 0
39 138 0 0 0 0 0 0 0 0
40 138 0 0 0 0 0 0 0 0
41 138 0 0 0 0 0 0 0 0
42 138 0 0 0 0 0 0 0 0
43 138 0 0 0 0 0 0 0 0
44 138 0 0 0 0 0 0 0 0
45 138 0 0 0 0 0 0 0 0
57 138 0 0 0 0 0 0 0 0
58 138 0 0 0 0 0 0 0 0
59 138 0 0 138 0 0 0 0 0
fl=/usr/src/debug////////glibc-2.17-c758a686/string/../sysdeps/x86_64/strcmp.S
fn=strcmp
134 2420 1 1 2420 67 18 0 0 0
135 2420 0 0 2420 36 5 0 0 0
136 2420 0 0 0 0 0 0 0 0
137 1945 0 0 0 0 0 0 0 0
138 1945 0 0 0 0 0 0 0 0
139 1945 0 0 0 0 0 0 0 0
140 1945 0 0 0 0 0 0 0 0
142 141 0 0 0 0 0 0 0 0
143 141 0 0 141 0 0 0 0 0
145 475 0 0 0 0 0 0 0 0
146 475 0 0 0 0 0 0 0 0
147 475 0 0 0 0 0 0 0 0
148 475 0 0 475 0 0 0 0 0
fl=/usr/src/debug////////glibc-2.17-c758a686/string/../sysdeps/x86_64/strrchr.S
fn=__GI_strrchr
25 1 1 1 0 0 0 0 0 0
26 1 0 0 0 0 0 0 0 0
27 1 0 0 0 0 0 0 0 0
28 1 0 0 0 0 0 0 0 0
29 1 1 1 0 0 0 0 0 0
30 1 0 0 0 0 0 0 0 0
31 1 0 0 0 0 0 0 0 0
32 1 0 0 1 1 0 0 0 0
33 1 0 0 0 0 0 0 0 0
34 1 0 0 0 0 0 0 0 0
35 1 0 0 0 0 0 0 0 0
36 1 0 0 0 0 0 0 0 0
37 1 0 0 0 0 0 0 0 0
38 1 0 0 0 0 0 0 0 0
39 1 0 0 0 0 0 0 0 0
40 1 0 0 0 0 0 0 0 0
41 1 0 0 0 0 0 0 0 0
42 1 0 0 0 0 0 0 0 0
43 1 0 0 0 0 0 0 0 0
44 1 0 0 0 0 0 0 0 0
45 1 0 0 0 0 0 0 0 0
46 1 0 0 0 0 0 0 0 0
47 1 0 0 0 0 0 0 0 0
60 1 1 1 0 0 0 0 0 0
61 1 0 0 0 0 0 0 0 0
62 1 0 0 0 0 0 0 0 0
63 1 0 0 0 0 0 0 0 0
70 1 0 0 0 0 0 0 0 0
71 1 1 1 0 0 0 0 0 0
72 1 0 0 0 0 0 0 0 0
73 1 0 0 0 0 0 0 0 0
74 1 0 0 0 0 0 0 0 0
75 1 0 0 0 0 0 0 0 0
76 1 0 0 1 0 0 0 0 0
fl=/usr/src/debug/glibc-2.17-c758a686/csu/../csu/init-first.c
fn=_init
52 8 1 1 0 0 0 4 0 0
58 7 0 0 2 1 0 1 1 1
67 5 1 1 4 3 0 0 0 0
73 1 0 0 0 0 0 1 1 1
74 1 0 0 0 0 0 1 0 0
75 2 1 1 1 1 0 1 1 1
89 4 1 1 0 0 0 1 0 0
97 1 0 0 0 0 0 1 0 0
102 6 0 0 5 0 0 0 0 0
fl=/usr/src/debug/glibc-2.17-c758a686/csu/../csu/libc-start.c
fn=(below main)
134 10 1 1 0 0 0 8 0 0
144 9 1 1 2 0 0 1 0 0
206 2 0 0 0 0 0 0 0 0
207 4 0 0 0 0 0 1 0 0
229 6 0 0 2 0 0 0 0 0
232 2 0 0 0 0 0 0 0 0
233 5 1 1 4 1 0 1 0 0
237 4 0 0 2 0 0 0 0 0
252 2 0 0 0 0 0 0 0 0
261 2 0 0 0 0 0 1 0 0
262 2 1 1 0 0 0 0 0 0
267 2 0 0 1 1 0 1 0 0
268 2 0 0 1 1 0 1 0 0
271 2 0 0 0 0 0 1 0 0
274 6 1 1 5 0 0 1 0 0
fl=/usr/src/debug/glibc-2.17-c758a686/csu/../sysdeps/unix/sysv/linux/x86_64/init-first.c
fn=_init
38 5 1 1 0 0 0 4 0 0
40 4 0 0 0 0 0 1 0 0
41 2 0 0 0 0 0 0 0 0
42 2 0 0 0 0 0 0 0 0
43 2 0 0 1 1 0 0 0 0
44 1 0 0 0 0 0 1 1 0
46 3 0 0 0 0 0 1 0 0
50 3 0 0 0 0 0 0 0 0
51 2 0 0 1 0 0 0 0 0
52 1 0 0 0 0 0 1 0 0
fl=/usr/src/debug/glibc-2.17-c758a686/ctype/ctype-info.c
fn=__ctype_init
32 7 2 2 5 4 0 1 1 0
34 4 0 0 2 1 0 1 0 0
36 5 0 0 3 1 0 1 0 0
fl=/usr/src/debug/glibc-2.17-c758a686/elf/../elf/dl-runtime.c
fn=_dl_fixup
68 21 1 1 0 0 0 7 0 0
70 7 0 0 7 3 0 0 0 0
71 14 0 0 14 7 0 0 0 0
74 35 0 0 14 8 0 0 0 0
75 35 1 1 14 4 0 7 0 0
76 21 0 0 14 3 0 0 0 0
85 14 0 0 7 4 0 0 0 0
89 21 0 0 7 5 0 0 0 0
93 14 0 0 14 9 0 0 0 0
94 28 1 1 7 3 0 0 0 0
96 28 0 0 7 3 0 0 0 0
102 7 0 0 0 0 0 0 0 0
103 21 0 0 7 0 0 0 0 0
113 70 1 1 14 3 0 21 1 0
117 21 0 0 7 0 0 0 0 0
127 42 0 0 14 2 0 0 0 0
135 7 0 0 7 0 0 0 0 0
143 28 1 1 7 0 0 0 0 0
147 21 0 0 7 3 0 0 0 0
151 21 0 0 14 0 0 0 0 0
fl=/usr/src/debug/glibc-2.17-c758a686/elf/../elf/dl-sysdep.c
fn=_dl_sysdep_start
86 8 1 1 0 0 0 7 1 1
87 2 0 0 0 0 0 0 0 0
88 1 0 0 0 0 0 0 0 0
110 1 0 0 0 0 0 1 0 0
111 132 1 1 42 6 6 4 3 3
114 2 0 0 0 0 0 1 0 0
115 1 0 0 0 0 0 1 1 1
117 97 4 4 26 2 2 10 0 0
118 111 0 0 19 3 3 0 0 0
121 1 0 0 1 0 0 0 0 0
122 1 0 0 0 0 0 0 0 0
124 1 0 0 1 1 1 0 0 0
125 1 0 0 0 0 0 0 0 0
127 1 1 1 1 1 1 0 0 0
128 1 0 0 0 0 0 0 0 0
130 1 0 0 1 0 0 0 0 0
131 1 0 0 0 0 0 0 0 0
151 1 1 1 1 1 1 0 0 0
152 1 0 0 0 0 0 0 0 0
154 1 0 0 1 1 1 0 0 0
155 1 0 0 0 0 0 0 0 0
157 1 1 1 1 0 0 0 0 0
158 1 0 0 0 0 0 0 0 0
163 1 0 0 1 0 0 0 0 0
164 1 0 0 0 0 0 0 0 0
179 1 0 0 1 0 0 0 0 0
180 1 0 0 0 0 0 0 0 0
226 2 0 0 0 0 0 0 0 0
227 2 0 0 0 0 0 2 0 0
229 5 1 1 0 0 0 1 0 0
241 3 0 0 1 0 0 0 0 0
244 6 0 0 2 0 0 1 0 0
245 1 0 0 1 0 0 0 0 0
246 8 0 0 7 1 0 0 0 0
fn=_dl_sysdep_start_cleanup
251 1 1 1 1 0 0 0 0 0
fl=/usr/src/debug/glibc-2.17-c758a686/elf/../misc/sbrk.c
fn=sbrk
34 4 1 1 0 0 0 2 0 0
42 6 0 0 2 0 0 0 0 0
46 2 0 0 0 0 0 0 0 0
57 5 1 1 3 0 0 0 0 0
fl=/usr/src/debug/glibc-2.17-c758a686/elf/../string/bits/string2.h
fn=handle_ld_preload
984 535 1 1 67 0 0 0 0 0
985 137 0 0 0 0 0 0 0 0
986 133 0 0 0 0 0 0 0 0
fl=/usr/src/debug/glibc-2.17-c758a686/elf/../sysdeps/generic/dl-hash.h
fn=do_lookup_x
31 114 0 0 114 0 0 0 0 0
32 684 0 0 114 0 0 0 0 0
34 228 0 0 0 0 0 0 0 0
35 342 1 1 114 0 0 0 0 0
37 228 0 0 0 0 0 0 0 0
38 342 0 0 114 0 0 0 0 0
40 228 0 0 0 0 0 0 0 0
41 342 0 0 114 0 0 0 0 0
43 212 0 0 0 0 0 0 0 0
44 106 0 0 0 0 0 0 0 0
45 3147 0 0 1049 0 0 0 0 0
48 2829 0 0 0 0 0 0 0 0
49 1886 0 0 0 0 0 0 0 0
62 1886 0 0 0 0 0 0 0 0
67 676 1 1 0 0 0 0 0 0
fl=/usr/src/debug/glibc-2.17-c758a686/elf/../sysdeps/unix/sysv/linux/dl-osinfo.h
fn=dl_main
86 2 0 0 1 1 0 0 0 0
112 1 1 1 1 0 0 0 0 0
fl=/usr/src/debug/glibc-2.17-c758a686/elf/../sysdeps/unix/sysv/linux/dl-sysdep.c
fn=_dl_discover_osversion
45 7 1 1 0 0 0 6 0 0
47 3 0 0 1 0 0 0 0 0
87 5 1 1 0 0 0 1 1 1
102 1 1 1 0 0 0 0 0 0
106 1 0 0 0 0 0 0 0 0
107 1 0 0 0 0 0 0 0 0
109 12 0 0 3 1 1 0 0 0
111 6 0 0 0 0 0 0 0 0
113 17 0 0 4 0 0 0 0 0
115 1 0 0 0 0 0 0 0 0
116 2 0 0 0 0 0 0 0 0
119 3 0 0 0 0 0 0 0 0
120 3 1 1 0 0 0 0 0 0
121 3 0 0 0 0 0 0 0 0
123 13 0 0 0 0 0 0 0 0
128 2 0 0 0 0 0 0 0 0
132 8 0 0 7 0 0 0 0 0
fn=_dl_sysdep_start
35 2 0 0 0 0 0 1 0 0
fl=/usr/src/debug/glibc-2.17-c758a686/elf/../sysdeps/unix/sysv/linux/dl-vdso.c
fn=_dl_vdso_vsym
26 4 0 0 0 0 0 0 0 0
27 8 1 1 8 2 0 0 0 0
28 8 1 1 4 0 0 0 0 0
31 8 0 0 0 0 0 0 0 0
fl=/usr/src/debug/glibc-2.17-c758a686/elf/../sysdeps/unix/sysv/linux/x86_64/brk.c
fn=brk
28 1 0 0 0 0 0 0 0 0
31 7 1 1 0 0 0 1 1 1
33 2 1 1 0 0 0 0 0 0
39 1 0 0 0 0 0 0 0 0
40 1 0 0 1 0 0 0 0 0
fl=/usr/src/debug/glibc-2.17-c758a686/elf/../sysdeps/x86/cpu-features.c
fn=_dl_sysdep_start
28 5 1 1 0 0 0 3 0 0
31 1 1 1 0 0 0 1 0 0
32 3 0 0 0 0 0 0 0 0
33 3 0 0 0 0 0 0 0 0
45 3 0 0 0 0 0 1 0 0
48 6 1 1 0 0 0 0 0 0
59 3 1 1 1 1 1 0 0 0
63 3 0 0 0 0 0 0 0 0
64 2 0 0 0 0 0 0 0 0
69 2 0 0 0 0 0 0 0 0
72 1 1 1 0 0 0 0 0 0
73 8 0 0 1 1 1 0 0 0
108 2 1 1 0 0 0 0 0 0
130 3 0 0 0 0 0 0 0 0
155 3 0 0 0 0 0 1 0 0
156 3 0 0 1 0 0 0 0 0
160 3 0 0 0 0 0 0 0 0
161 2 0 0 0 0 0 0 0 0
193 2 1 1 0 0 0 0 0 0
196 8 2 2 0 0 0 4 0 0
203 3 1 1 1 0 0 0 0 0
207 2 0 0 0 0 0 0 0 0
209 4 0 0 0 0 0 0 0 0
213 2 0 0 0 0 0 0 0 0
214 1 0 0 1 0 0 0 0 0
220 3 0 0 1 0 0 0 0 0
225 3 0 0 0 0 0 0 0 0
241 2 0 0 0 0 0 0 0 0
244 2 0 0 1 0 0 0 0 0
249 1 0 0 0 0 0 1 0 0
250 1 0 0 0 0 0 1 0 0
251 1 0 0 0 0 0 1 0 0
fl=/usr/src/debug/glibc-2.17-c758a686/elf/../sysdeps/x86_64/dl-machine.h
fn=_dl_fixup
250 7 0 0 0 0 0 7 0 0
fn=_dl_relocate_object
79 20 1 1 5 0 0 0 0 0
85 6 0 0 6 3 0 0 0 0
89 9 0 0 3 3 2 0 0 0
95 3 0 0 0 0 0 3 0 0
103 9 1 1 3 0 0 0 0 0
123 9 0 0 3 0 0 0 0 0
132 6 0 0 0 0 0 0 0 0
134 6 1 1 0 0 0 0 0 0
139 18 1 1 0 0 0 3 0 0
149 12 0 0 3 3 1 0 0 0
284 244 0 0 0 0 0 0 0 0
305 244 1 1 0 0 0 0 0 0
309 244 0 0 0 0 0 0 0 0
316 4348 9 9 888 106 79 772 5 0
318 564 1 1 234 3 0 0 0 0
321 468 1 1 117 0 0 0 0 0
327 854 0 0 122 4 3 0 0 0
345 2 1 1 0 0 0 0 0 0
346 3 0 0 1 1 0 1 0 0
407 36 1 1 12 0 0 0 0 0
411 60 0 0 12 1 0 0 0 0
416 60 0 0 24 2 2 12 9 9
435 221 1 1 108 16 13 108 22 10
442 20 1 1 0 0 0 12 1 0
471 3 1 1 1 0 0 0 0 0
475 6 0 0 3 0 0 1 0 0
477 3 0 0 2 0 0 0 0 0
478 1 0 0 0 0 0 0 0 0
488 14 0 0 14 0 0 0 0 0
489 7 0 0 0 0 0 7 0 0
490 14 0 0 0 0 0 7 0 0
515 3588 0 0 2392 449 448 0 0 0
525 74 0 0 43 0 0 0 0 0
529 62 0 0 0 0 0 0 0 0
531 93 0 0 31 0 0 0 0 0
532 31 0 0 31 4 3 0 0 0
549 24 0 0 24 0 0 0 0 0
551 12 0 0 0 0 0 12 0 0
552 12 0 0 0 0 0 12 0 0
fn=_dl_start
59 3 0 0 1 1 1 0 0 0
281 9 0 0 0 0 0 0 0 0
309 18 0 0 0 0 0 0 0 0
318 36 0 0 18 2 2 0 0 0
321 36 0 0 9 6 6 0 0 0
327 55 0 0 9 1 1 0 0 0
416 9 1 1 9 1 1 0 0 0
425 9 0 0 0 0 0 9 1 1
515 40 0 0 20 4 4 10 2 2
fn=_dl_sysdep_start
238 5 0 0 2 1 1 0 0 0
fl=/usr/src/debug/glibc-2.17-c758a686/elf/dl-addr.c
fn=_dl_addr
30 2 1 1 1 0 0 1 0 0
31 1 0 0 0 0 0 1 0 0
34 2 0 0 1 0 0 0 0 0
38 1 0 0 1 0 0 0 0 0
39 1 0 0 1 0 0 0 0 0
40 3 1 1 2 0 0 1 0 0
42 2 0 0 2 0 0 0 0 0
45 2 0 0 1 1 0 0 0 0
50 2029 0 0 2 0 0 0 0 0
52 1011 1 1 1011 64 21 0 0 0
53 2022 0 0 0 0 0 0 0 0
55 4928 0 0 905 0 0 0 0 0
61 11065 0 0 2213 471 425 0 0 0
63 8852 1 1 2213 0 0 0 0 0
64 16225 0 0 5080 357 328 0 0 0
69 2213 0 0 0 0 0 0 0 0
71 7650 1 1 2213 136 80 0 0 0
99 3 0 0 1 1 0 0 0 0
100 1 0 0 0 0 0 1 1 0
101 3 0 0 1 0 0 0 0 0
104 2 1 1 0 0 0 0 0 0
116 1 1 1 0 0 0 1 0 0
117 1 0 0 0 0 0 1 0 0
126 11 1 1 0 0 0 8 0 0
131 3 0 0 2 2 0 1 0 0
134 6 1 1 2 0 0 0 0 0
135 13 1 1 4 1 0 0 0 0
136 20 0 0 8 2 0 0 0 0
137 2 1 1 1 0 0 0 0 0
140 2 0 0 0 0 0 0 0 0
145 3 0 0 2 2 0 1 1 0
148 9 0 0 7 0 0 0 0 0
fl=/usr/src/debug/glibc-2.17-c758a686/elf/dl-cache.c
fn=_dl_cache_libcmp
139 60 1 1 40 17 17 0 0 0
140 200 0 0 0 0 0 0 0 0
142 294 0 0 0 0 0 0 0 0
144 102 1 1 0 0 0 0 0 0
150 6 0 0 0 0 0 0 0 0
151 4 0 0 0 0 0 0 0 0
152 8 0 0 2 0 0 0 0 0
154 10 1 1 2 0 0 0 0 0
156 4 0 0 0 0 0 0 0 0
162 192 1 1 0 0 0 0 0 0
164 348 0 0 156 0 0 0 0 0
165 18 0 0 0 0 0 0 0 0
168 78 0 0 0 0 0 0 0 0
169 78 0 0 0 0 0 0 0 0
172 4 0 0 0 0 0 0 0 0
173 40 0 0 20 0 0 0 0 0
fn=_dl_load_cache_lookup
185 18 1 1 0 0 0 12 0 0
193 4 0 0 2 0 0 0 0 0
196 6 1 1 2 0 0 0 0 0
199 5 2 2 0 0 0 1 1 1
207 5 0 0 1 0 0 0 0 0
208 6 0 0 0 0 0 1 0 0
212 1 0 0 0 0 0 1 0 0
215 4 1 1 1 0 0 0 0 0
218 2 0 0 0 0 0 1 0 0
219 3 0 0 0 0 0 0 0 0
220 5 1 1 0 0 0 1 0 0
222 2 0 0 0 0 0 0 0 0
241 6 0 0 3 0 0 0 0 0
247 4 0 0 0 0 0 0 0 0
255 10 1 1 4 0 0 4 0 0
262 12 0 0 6 0 0 4 0 0
263 10 0 0 6 0 0 2 0 0
275 452 8 8 78 18 18 22 0 0
291 4 0 0 2 0 0 0 0 0
295 4 0 0 0 0 0 0 0 0
303 18 1 1 0 0 0 4 0 0
304 8 0 0 2 0 0 2 0 0
305 4 0 0 0 0 0 2 0 0
306 16 0 0 14 0 0 0 0 0
fn=_dl_unload_cache
315 1 0 0 0 0 0 0 0 0
316 4 1 1 1 1 0 0 0 0
318 2 0 0 1 1 0 1 0 0
319 1 0 0 0 0 0 1 0 0
321 2 0 0 1 0 0 0 0 0
fl=/usr/src/debug/glibc-2.17-c758a686/elf/dl-debug.c
fn=_dl_debug_initialize
51 10 1 1 0 0 0 0 0 0
52 5 1 1 5 0 0 0 0 0
56 18 0 0 5 2 1 0 0 0
59 1 0 0 0 0 0 1 0 0
60 2 0 0 0 0 0 1 0 0
61 6 1 1 2 0 0 1 0 0
62 2 0 0 0 0 0 1 0 0
fn=_dl_debug_state
75 2 0 0 2 0 0 0 0 0
fl=/usr/src/debug/glibc-2.17-c758a686/elf/dl-deps.c
fn=_dl_map_object_deps
147 11 2 2 0 0 0 9 0 0
148 9 0 0 0 0 0 1 0 0
162 6 0 0 0 0 0 2 1 1
163 2 1 1 0 0 0 2 0 0
164 10 0 0 0 0 0 3 0 0
166 1 0 0 0 0 0 0 0 0
170 8 1 1 2 0 0 2 0 0
180 8 0 0 1 0 0 0 0 0
181 1 0 0 1 0 0 0 0 0
184 3 0 0 0 0 0 2 0 0
190 1 0 0 0 0 0 1 0 0
191 1 0 0 0 0 0 1 0 0
203 2 1 1 1 0 0 1 0 0
204 1 0 0 0 0 0 0 0 0
205 1 0 0 0 0 0 1 0 0
206 2 1 1 0 0 0 2 0 0
211 5 0 0 0 0 0 0 0 0
212 5 0 0 0 0 0 0 0 0
215 5 0 0 0 0 0 5 0 0
219 20 2 2 10 2 1 0 0 0
220 22 0 0 9 0 0 0 0 0
222 3 0 0 0 0 0 0 0 0
224 9 1 1 6 1 0 0 0 0
226 26 1 1 2 0 0 4 0 0
231 18 0 0 9 1 0 0 0 0
233 9 0 0 6 1 0 3 0 0
238 3 0 0 0 0 0 3 0 0
239 3 0 0 0 0 0 3 0 0
240 6 0 0 3 0 0 3 0 0
241 6 0 0 3 0 0 3 0 0
244 337 1 1 88 14 0 3 0 0
245 158 1 1 0 0 0 0 0 0
251 35 0 0 10 1 0 5 1 1
253 5 0 0 0 0 0 5 0 0
256 30 1 1 20 0 0 5 0 0
258 15 0 0 5 0 0 0 0 0
273 5 0 0 5 0 0 0 0 0
275 10 0 0 5 0 0 0 0 0
280 9 0 0 0 0 0 0 0 0
283 3 0 0 0 0 0 3 1 1
284 3 0 0 0 0 0 3 0 0
285 3 0 0 0 0 0 3 0 0
286 6 0 0 3 1 0 3 1 0
288 12 1 1 3 0 0 3 0 0
290 15 1 1 3 0 0 6 0 0
294 10 0 0 0 0 0 0 0 0
295 9 0 0 0 0 0 3 0 0
297 222 1 1 0 0 0 0 0 0
347 9 0 0 0 0 0 4 0 0
475 10 0 0 0 0 0 0 0 0
477 9 0 0 0 0 0 3 0 0
479 6 0 0 0 0 0 3 0 0
480 6 1 1 0 0 0 0 0 0
481 6 0 0 0 0 0 0 0 0
484 3 0 0 0 0 0 3 1 1
485 18 0 0 0 0 0 3 0 0
486 15 0 0 0 0 0 3 0 0
489 3 0 0 0 0 0 3 0 0
490 3 0 0 3 0 0 0 0 0
494 20 1 1 10 1 0 0 0 0
496 5 0 0 5 0 0 0 0 0
497 22 1 1 4 0 0 0 0 0
501 6 0 0 2 0 0 0 0 0
502 2 0 0 1 0 0 1 0 0
505 6 1 1 2 0 0 1 0 0
515 2 0 0 0 0 0 1 0 0
516 3 0 0 1 0 0 0 0 0
518 2 1 1 0 0 0 0 0 0
523 9 0 0 3 0 0 1 0 0
524 1 0 0 0 0 0 1 0 0
526 29 1 1 11 0 0 1 0 0
532 15 0 0 5 0 0 5 1 1
536 10 0 0 10 0 0 0 0 0
539 2 0 0 1 0 0 0 0 0
592 4 1 1 2 0 0 0 0 0
628 9 2 2 3 0 0 2 0 0
630 3 0 0 0 0 0 0 0 0
634 19 1 1 8 0 0 3 0 0
635 8 1 1 0 0 0 2 0 0
636 3 1 1 1 0 0 1 0 0
640 4 0 0 4 0 0 0 0 0
641 8 0 0 4 0 0 0 0 0
647 27 0 0 4 0 0 0 0 0
649 24 1 1 12 0 0 0 0 0
650 15 0 0 0 0 0 0 0 0
652 30 0 0 10 0 0 0 0 0
653 21 0 0 0 0 0 0 0 0
663 2 1 1 2 0 0 0 0 0
675 6 0 0 0 0 0 0 0 0
678 12 0 0 4 0 0 0 0 0
681 51 1 1 13 0 0 13 0 0
688 2 0 0 1 0 0 1 0 0
690 2 0 0 1 0 0 1 0 0
691 1 0 0 1 0 0 0 0 0
699 3 1 1 1 0 0 0 0 0
702 2 0 0 0 0 0 0 0 0
705 8 0 0 7 1 0 0 0 0
fn=openaux
60 10 1 1 0 0 0 5 0 0
63 50 0 0 20 0 0 10 1 1
64 10 1 1 5 0 0 0 0 0
67 5 0 0 5 0 0 0 0 0
68 10 0 0 10 0 0 0 0 0
fl=/usr/src/debug/glibc-2.17-c758a686/elf/dl-environ.c
fn=_dl_next_ld_env_entry
30 3 1 1 3 0 0 0 0 0
31 1 0 0 0 0 0 0 0 0
33 125 0 0 41 0 0 0 0 0
35 80 1 1 40 0 0 0 0 0
36 18 0 0 8 0 0 0 0 0
38 2 0 0 0 0 0 0 0 0
41 4 0 0 0 0 0 2 0 0
43 2 0 0 2 0 0 0 0 0
46 38 0 0 0 0 0 0 0 0
50 1 0 0 1 0 0 0 0 0
fl=/usr/src/debug/glibc-2.17-c758a686/elf/dl-error.c
fn=_dl_catch_error
159 42 2 2 0 0 0 36 2 2
168 6 0 0 0 0 0 6 2 2
170 12 0 0 6 0 0 12 1 1
171 12 0 0 6 1 0 6 0 0
173 18 0 0 0 0 0 6 0 0
174 12 0 0 0 0 0 0 0 0
176 18 1 1 6 0 0 6 0 0
177 18 0 0 12 0 0 6 0 0
178 12 0 0 6 1 0 6 0 0
179 12 0 0 6 0 0 6 0 0
180 12 0 0 6 0 0 6 0 0
181 12 0 0 6 0 0 6 0 0
182 6 0 0 0 0 0 0 0 0
191 24 1 1 12 1 0 0 0 0
fn=_dl_receive_error
197 10 1 1 0 0 0 6 0 0
198 2 0 0 1 0 0 1 0 0
202 1 0 0 1 0 0 0 0 0
203 1 0 0 1 0 0 0 0 0
206 1 0 0 0 0 0 1 0 0
207 1 1 1 0 0 0 1 0 0
209 2 0 0 0 0 0 1 0 0
211 1 0 0 0 0 0 1 0 0
212 1 0 0 0 0 0 1 0 0
213 8 0 0 7 0 0 0 0 0
fl=/usr/src/debug/glibc-2.17-c758a686/elf/dl-hwcaps.c
fn=_dl_important_hwcaps
39 12 2 2 0 0 0 10 1 1
41 5 0 0 2 0 0 2 1 1
42 4 0 0 0 0 0 1 0 0
51 3 0 0 0 0 0 0 0 0
61 4 1 1 1 0 0 1 0 0
103 1 1 1 0 0 0 0 0 0
106 8 0 0 1 0 0 1 0 0
107 1 0 0 0 0 0 0 0 0
136 2 1 1 0 0 0 0 0 0
144 2 1 1 1 0 0 0 0 0
146 3 0 0 2 0 0 1 0 0
147 2 0 0 1 0 0 1 0 0
148 2 0 0 0 0 0 0 0 0
151 3 1 1 1 0 0 1 0 0
152 1 0 0 0 0 0 1 0 0
158 2 0 0 0 0 0 0 0 0
159 1 0 0 1 0 0 0 0 0
162 9 0 0 2 0 0 3 0 0
163 2 0 0 0 0 0 0 0 0
181 12 1 1 1 0 0 6 0 0
182 5 1 1 0 0 0 2 0 0
183 5 0 0 3 0 0 0 0 0
209 3 0 0 0 0 0 2 0 0
212 2 0 0 0 0 0 0 0 0
214 6 1 1 3 0 0 2 0 0
215 7 0 0 2 0 0 4 0 0
240 19 2 2 3 0 0 0 0 0
241 8 0 0 0 0 0 4 0 0
245 12 0 0 0 0 0 0 0 0
248 28 0 0 0 0 0 0 0 0
249 24 1 1 0 0 0 0 0 0
250 12 0 0 8 0 0 0 0 0
252 4 0 0 0 0 0 0 0 0
255 3 0 0 1 0 0 0 0 0
256 1 0 0 0 0 0 0 0 0
257 12 2 2 3 0 0 0 0 0
270 6 1 1 2 0 0 2 0 0
271 2 0 0 0 0 0 0 0 0
273 4 0 0 0 0 0 0 0 0
276 3 0 0 2 0 0 1 0 0
279 9 0 0 7 0 0 0 0 0
fl=/usr/src/debug/glibc-2.17-c758a686/elf/dl-init.c
fn=_dl_init
34 18 1 1 6 0 0 0 0 0
40 10 0 0 0 0 0 5 0 0
43 20 1 1 10 2 0 0 0 0
44 3 1 1 0 0 0 0 0 0
48 12 1 1 4 3 0 0 0 0
49 4 1 1 1 0 0 0 0 0
53 6 0 0 3 0 0 0 0 0
61 6 0 0 0 0 0 0 0 0
63 6 0 0 6 3 0 0 0 0
67 14 0 0 1 0 0 4 0 0
71 3 1 1 3 2 0 0 0 0
72 6 0 0 0 0 0 0 0 0
78 9 1 1 6 2 0 0 0 0
80 6 0 0 6 0 0 0 0 0
81 30 1 1 1 0 0 1 0 0
82 15 0 0 3 3 0 3 0 0
90 11 1 1 0 0 0 7 0 0
91 1 0 0 1 1 0 0 0 0
92 1 0 0 1 0 0 0 0 0
95 3 0 0 1 0 0 0 0 0
98 2 1 1 0 0 0 1 0 0
102 6 1 1 2 0 0 1 0 0
130 13 0 0 0 0 0 0 0 0
131 20 0 0 15 1 0 0 0 0
134 1 0 0 0 0 0 1 0 0
135 8 0 0 7 0 0 0 0 0
fl=/usr/src/debug/glibc-2.17-c758a686/elf/dl-load.c
fn=_dl_init_paths
710 9 1 1 0 0 0 6 0 0
725 6 1 1 2 0 0 2 0 0
729 1 0 0 0 0 0 1 0 0
730 3 0 0 0 0 0 1 0 0
731 2 0 0 0 0 0 0 0 0
738 5 0 0 0 0 0 0 0 0
739 2 1 1 1 0 0 0 0 0
742 1 0 0 0 0 0 1 0 0
743 5 0 0 0 0 0 1 0 0
745 2 0 0 0 0 0 0 0 0
751 1 0 0 0 0 0 1 0 0
752 1 0 0 0 0 0 1 0 0
760 1 0 0 0 0 0 1 0 0
762 4 0 0 0 0 0 2 1 1
763 2 0 0 0 0 0 2 1 1
765 11 1 1 0 0 0 2 0 0
766 5 0 0 0 0 0 2 0 0
771 14 3 3 0 0 0 0 0 0
772 21 1 1 0 0 0 6 1 1
774 4 1 1 0 0 0 2 0 0
780 1 1 1 0 0 0 1 1 1
781 1 0 0 0 0 0 1 0 0
785 1 1 1 1 0 0 0 0 0
786 2 0 0 0 0 0 0 0 0
790 3 0 0 1 0 0 0 0 0
804 1 1 1 0 0 0 1 0 0
806 3 1 1 1 0 0 0 0 0
817 2 1 1 0 0 0 1 0 0
822 4 1 1 1 0 0 0 0 0
830 5 0 0 0 0 0 1 0 0
832 11 1 1 0 0 0 2 0 0
848 2 0 0 0 0 0 0 0 0
849 85 0 0 28 0 0 0 0 0
851 27 1 1 0 0 0 0 0 0
852 81 0 0 0 0 0 0 0 0
853 27 0 0 0 0 0 0 0 0
856 1 0 0 0 0 0 1 0 0
857 1 0 0 0 0 0 1 0 0
858 2 0 0 0 0 0 0 0 0
864 7 1 1 1 0 0 1 0 0
868 3 0 0 2 0 0 0 0 0
874 1 0 0 0 0 0 1 0 0
878 8 1 1 7 0 0 0 0 0
fn=_dl_map_object
687 18 2 2 6 0 0 0 0 0
2094 78 1 1 0 0 0 48 6 5
2096 6 0 0 0 0 0 3 0 0
2106 81 0 0 21 0 0 0 0 0
2111 54 1 1 18 1 0 0 0 0
2112 36 0 0 0 0 0 0 0 0
2114 93 0 0 0 0 0 18 2 2
2118 30 0 0 15 0 0 0 0 0
2119 45 1 1 15 0 0 0 0 0
2122 6 0 0 6 0 0 0 0 0
2123 12 0 0 12 2 0 0 0 0
2124 24 0 0 0 0 0 6 0 0
2141 6 1 1 3 0 0 0 0 0
2152 12 0 0 3 0 0 0 0 0
2186 3 0 0 0 0 0 3 1 1
2188 15 1 1 0 0 0 3 0 0
2192 8 1 1 0 0 0 4 0 0
2194 4 0 0 2 0 0 0 0 0
2201 8 0 0 2 0 0 0 0 0
2205 4 1 1 2 0 0 2 0 0
2206 4 0 0 0 0 0 2 0 0
2210 6 0 0 2 0 0 0 0 0
2211 2 0 0 0 0 0 0 0 0
2213 26 1 1 0 0 0 10 0 0
2225 10 1 1 8 0 0 0 0 0
2226 14 2 2 4 0 0 0 0 0
2227 2 0 0 0 0 0 0 0 0
2236 4 1 1 2 0 0 0 0 0
2237 36 1 1 4 0 0 8 0 0
2243 12 0 0 0 0 0 4 0 0
2244 2 1 1 0 0 0 0 0 0
2246 4 1 1 2 0 0 2 0 0
2252 8 0 0 0 0 0 2 0 0
2254 6 0 0 2 0 0 0 0 0
2258 6 0 0 0 0 0 2 0 0
2260 4 1 1 0 0 0 0 0 0
2265 6 0 0 2 0 0 0 0 0
2273 4 0 0 2 0 0 0 0 0
2301 22 0 0 2 0 0 4 0 0
2304 6 0 0 2 0 0 0 0 0
2305 4 0 0 0 0 0 2 0 0
2322 4 1 1 2 0 0 0 0 0
2328 1 0 0 0 0 0 1 0 0
2330 6 0 0 0 0 0 1 0 0
2331 3 1 1 0 0 0 0 0 0
2332 1 0 0 0 0 0 0 0 0
2335 7 0 0 0 0 0 1 0 0
2338 2 0 0 0 0 0 0 0 0
2350 9 0 0 0 0 0 0 0 0
2352 6 0 0 0 0 0 0 0 0
2396 6 1 1 3 0 0 3 0 0
2397 39 1 1 9 0 0 15 0 0
2399 48 0 0 42 2 0 0 0 0
fn=_dl_map_object_from_fd
916 45 2 2 0 0 0 33 1 1
927 12 0 0 3 0 0 6 1 1
928 3 0 0 0 0 0 3 0 0
931 18 0 0 0 0 0 3 0 0
942 48 1 1 15 0 0 0 0 0
943 45 1 1 24 2 2 0 0 0
960 6 1 1 3 0 0 0 0 0
985 6 0 0 3 0 0 0 0 0
995 6 0 0 3 0 0 0 0 0
1017 12 1 1 6 0 0 0 0 0
1052 24 0 0 15 0 0 3 0 0
1053 6 0 0 0 0 0 0 0 0
1064 9 1 1 6 0 0 3 2 2
1065 9 1 1 6 0 0 3 0 0
1066 6 0 0 3 0 0 3 0 0
1068 15 0 0 0 0 0 0 0 0
1069 12 1 1 6 0 0 0 0 0
1070 3 0 0 0 0 0 0 0 0
1085 3 0 0 0 0 0 3 0 0
1094 36 1 1 6 0 0 9 1 1
1095 3 0 0 0 0 0 0 0 0
1096 3 0 0 0 0 0 0 0 0
1102 193 0 0 0 0 0 0 0 0
1103 178 1 1 23 2 2 0 0 0
1109 6 0 0 3 0 0 3 0 0
1110 9 0 0 3 0 0 3 0 0
1111 3 0 0 0 0 0 0 0 0
1114 2 0 0 1 0 0 1 0 0
1115 1 0 0 0 0 0 0 0 0
1120 30 1 1 12 0 0 0 0 0
1126 36 0 0 12 0 0 0 0 0
1127 6 1 1 0 0 0 0 0 0
1133 24 0 0 12 0 0 0 0 0
1144 30 1 1 6 0 0 0 0 0
1145 24 0 0 0 0 0 6 3 3
1146 12 0 0 0 0 0 0 0 0
1147 12 0 0 0 0 0 6 0 0
1148 6 0 0 0 0 0 6 0 0
1149 12 0 0 6 0 0 6 0 0
1150 12 0 0 0 0 0 6 0 0
1154 12 0 0 0 0 0 0 0 0
1155 9 0 0 3 0 0 0 0 0
1160 42 1 1 6 0 0 6 1 1
1170 6 0 0 0 0 0 0 0 0
1173 3 0 0 1 0 0 0 0 0
1177 1 0 0 0 0 0 1 1 1
1178 2 1 1 1 0 0 1 0 0
1179 2 0 0 0 0 0 0 0 0
1180 1 0 0 0 0 0 0 0 0
1182 3 0 0 1 0 0 1 0 0
1183 2 0 0 1 0 0 1 0 0
1186 2 0 0 1 0 0 1 0 0
1190 4 0 0 1 0 0 0 0 0
1196 3 0 0 1 0 0 2 1 1
1197 1 0 0 0 0 0 0 0 0
1201 15 1 1 3 0 0 3 0 0
1209 9 0 0 0 0 0 0 0 0
1253 6 1 1 3 0 0 3 0 0
1254 9 0 0 0 0 0 0 0 0
1257 6 1 1 3 0 0 3 0 0
1258 9 0 0 6 0 0 3 0 0
1259 3 0 0 0 0 0 0 0 0
1262 9 0 0 0 0 0 0 0 0
1275 24 1 1 15 0 0 3 0 0
1277 6 0 0 3 0 0 0 0 0
1291 3 0 0 3 0 0 0 0 0
1296 21 1 1 12 0 0 6 2 2
1300 6 0 0 0 0 0 0 0 0
1307 9 1 1 3 0 0 3 0 0
1308 9 0 0 6 0 0 3 0 0
1310 6 0 0 0 0 0 0 0 0
1316 18 0 0 3 0 0 3 0 0
1317 3 1 1 3 0 0 0 0 0
1320 3 0 0 3 0 0 0 0 0
1322 3 0 0 3 0 0 0 0 0
1343 30 0 0 6 0 0 0 0 0
1345 12 0 0 6 0 0 0 0 0
1347 30 0 0 12 0 0 3 0 0
1355 18 0 0 6 0 0 0 0 0
1356 9 1 1 6 0 0 3 0 0
1358 12 1 1 6 0 0 0 0 0
1359 12 0 0 6 0 0 0 0 0
1360 12 1 1 4 0 0 0 0 0
1361 10 0 0 2 0 0 0 0 0
1363 8 0 0 0 0 0 2 0 0
1366 24 1 1 12 0 0 0 0 0
1372 6 0 0 3 0 0 0 0 0
1373 3 0 0 0 0 0 0 0 0
1374 15 0 0 3 0 0 0 0 0
1375 6 0 0 0 0 0 0 0 0
1382 6 1 1 0 0 0 0 0 0
1385 6 0 0 0 0 0 0 0 0
1396 21 0 0 0 0 0 9 0 0
1397 15 0 0 9 0 0 0 0 0
1402 6 0 0 0 0 0 0 0 0
1406 8 1 1 1 0 0 1 0 0
1409 2 0 0 0 0 0 0 0 0
1417 6 1 1 0 0 0 0 0 0
1421 12 1 1 6 0 0 0 0 0
1430 9 0 0 3 0 0 3 0 0
1436 6 1 1 0 0 0 0 0 0
1452 9 0 0 3 0 0 0 0 0
1471 6 0 0 3 0 0 3 0 0
1473 15 0 0 6 0 0 0 0 0
1524 9 1 1 3 2 2 0 0 0
1525 2 0 0 1 0 0 1 0 0
1528 12 0 0 3 0 0 3 0 0
1536 21 2 2 3 0 0 0 0 0
1537 2 0 0 1 0 0 0 0 0
1539 12 0 0 6 0 0 3 0 0
1541 6 0 0 3 0 0 0 0 0
1557 6 0 0 0 0 0 3 0 0
1561 6 0 0 3 0 0 0 0 0
1562 6 1 1 3 0 0 0 0 0
1579 6 0 0 3 0 0 0 0 0
1580 1 0 0 0 0 0 1 0 0
1583 6 0 0 3 0 0 3 0 0
1584 6 0 0 3 0 0 3 0 0
1589 6 0 0 3 0 0 0 0 0
1599 6 0 0 3 0 0 0 0 0
1609 9 0 0 3 0 0 3 0 0
1613 12 0 0 3 0 0 0 0 0
1633 24 0 0 21 0 0 0 0 0
fn=expand_dynamic_string_token
161 3 0 0 0 0 0 1 0 0
162 2 0 0 0 0 0 1 0 0
164 2 0 0 0 0 0 0 0 0
167 4 0 0 0 0 0 0 0 0
419 10 1 1 0 0 0 6 0 0
429 5 1 1 0 0 0 1 0 0
444 7 0 0 6 0 0 0 0 0
fn=fillin_rpath
489 16 1 1 0 0 0 12 0 0
491 1 0 0 0 0 0 0 0 0
493 18 1 1 6 0 0 3 0 0
496 6 0 0 0 0 0 2 0 0
500 4 0 0 0 0 0 0 0 0
507 16 1 1 2 0 0 0 0 0
512 4 1 1 0 0 0 2 0 0
515 6 0 0 2 0 0 0 0 0
519 25 1 1 7 0 0 0 0 0
520 10 0 0 5 0 0 0 0 0
538 8 2 2 2 0 0 2 0 0
541 4 0 0 0 0 0 2 0 0
542 8 1 1 4 0 0 2 0 0
543 8 0 0 0 0 0 4 0 0
544 8 1 1 4 0 0 0 0 0
548 2 0 0 0 0 0 2 2 2
549 2 0 0 0 0 0 0 0 0
550 10 0 0 0 0 0 6 0 0
551 2 0 0 0 0 0 2 0 0
553 6 0 0 4 0 0 0 0 0
554 1 0 0 0 0 0 1 0 0
559 8 1 1 2 0 0 0 0 0
560 28 0 0 0 0 0 0 0 0
561 20 1 1 0 0 0 4 0 0
563 4 0 0 2 0 0 2 0 0
564 4 0 0 2 0 0 0 0 0
569 4 1 1 0 0 0 2 0 0
571 2 0 0 0 0 0 2 0 0
572 2 0 0 0 0 0 2 0 0
575 6 0 0 0 0 0 2 0 0
580 1 0 0 0 0 0 1 0 0
583 9 0 0 7 0 0 0 0 0
fn=open_path
1945 28 2 2 0 0 0 24 3 3
1946 4 0 0 2 0 0 2 0 0
1949 2 0 0 0 0 0 2 0 0
1950 2 0 0 0 0 0 2 0 0
1952 4 0 0 0 0 0 0 0 0
1957 16 1 1 4 1 0 0 0 0
1960 4 0 0 4 0 0 0 0 0
1964 8 0 0 0 0 0 0 0 0
1969 8 0 0 4 0 0 0 0 0
1976 20 1 1 8 1 0 8 1 1
1977 72 0 0 6 0 0 0 0 0
1980 32 1 1 16 0 0 0 0 0
1984 130 1 1 60 0 0 20 0 0
1987 10 0 0 0 0 0 0 0 0
1990 20 0 0 10 0 0 0 0 0
1993 80 0 0 40 0 0 10 0 0
1995 30 1 1 10 0 0 0 0 0
1997 16 0 0 0 0 0 0 0 0
2002 16 0 0 8 0 0 0 0 0
2003 72 1 1 32 0 0 0 0 0
2009 34 0 0 10 0 0 10 0 0
2011 48 0 0 8 0 0 8 0 0
2012 4 0 0 2 0 0 0 0 0
2014 42 1 1 8 0 0 8 0 0
2021 24 0 0 0 0 0 0 0 0
2023 6 0 0 0 0 0 0 0 0
2031 4 0 0 0 0 0 2 0 0
2059 2 0 0 0 0 0 0 0 0
2062 20 1 1 4 0 0 0 0 0
2067 4 0 0 4 0 0 0 0 0
2069 16 0 0 12 0 0 0 0 0
2072 6 1 1 2 0 0 0 0 0
2086 22 1 1 14 0 0 0 0 0
fn=open_verify
1681 156 1 1 0 0 0 104 1 1
1717 39 0 0 13 0 0 0 0 0
1738 65 1 1 13 0 0 26 1 1
1739 26 0 0 0 0 0 0 0 0
1749 3 0 0 0 0 0 3 0 0
1750 6 0 0 0 0 0 3 0 0
1755 18 1 1 3 0 0 3 0 0
1757 6 0 0 0 0 0 0 0 0
1759 9 0 0 3 0 0 3 0 0
1761 6 0 0 0 0 0 0 0 0
1767 6 0 0 0 0 0 0 0 0
1783 45 3 3 0 0 0 5 0 0
1785 3 0 0 3 0 0 0 0 0
1787 12 0 0 0 0 0 3 0 0
1814 1 1 1 1 0 0 0 0 0
1843 6 0 0 3 1 1 0 0 0
1848 6 1 1 3 0 0 0 0 0
1851 12 0 0 3 0 0 0 0 0
1856 6 0 0 3 0 0 0 0 0
1863 15 0 0 3 0 0 0 0 0
1864 12 1 1 3 0 0 0 0 0
1865 3 0 0 0 0 0 0 0 0
1880 127 0 0 0 0 0 0 0 0
1881 42 1 1 20 9 9 0 0 0
1885 8 0 0 4 0 0 0 0 0
1886 4 0 0 0 0 0 0 0 0
1895 24 2 2 0 0 0 4 0 0
1898 2 0 0 0 0 0 0 0 0
1899 6 0 0 2 0 0 0 0 0
1900 6 0 0 2 0 0 0 0 0
1902 6 0 0 0 0 0 0 0 0
1907 2 0 0 0 0 0 0 0 0
1908 2 0 0 0 0 0 0 0 0
1911 4 0 0 0 0 0 0 0 0
1914 6 0 0 2 1 1 0 0 0
1915 10 0 0 2 0 0 0 0 0
1916 4 0 0 2 1 1 0 0 0
1917 6 0 0 2 0 0 0 0 0
1918 12 0 0 4 0 0 0 0 0
1923 10 1 1 0 0 0 0 0 0
1931 104 1 1 91 0 0 0 0 0
fl=/usr/src/debug/glibc-2.17-c758a686/elf/dl-lookup.c
fn=_dl_lookup_symbol_x
476 228 1 1 0 0 0 0 0 0
477 6704 0 0 1619 101 89 114 0 0
478 6020 0 0 0 0 0 0 0 0
716 1596 1 1 0 0 0 912 9 1
718 228 1 1 0 0 0 114 2 0
719 228 0 0 0 0 0 228 1 1
722 114 0 0 114 4 0 0 0 0
730 228 1 1 0 0 0 114 0 0
731 228 0 0 114 0 0 0 0 0
733 228 0 0 228 7 0 0 0 0
737 960 1 1 12 0 0 228 0 0
739 1482 1 1 684 0 0 798 10 2
742 228 0 0 0 0 0 0 0 0
745 12 0 0 0 0 0 0 0 0
770 228 0 0 114 0 0 0 0 0
772 84 2 2 24 0 0 0 0 0
790 12 0 0 0 0 0 12 0 0
791 24 0 0 0 0 0 0 0 0
794 102 0 0 102 0 0 0 0 0
795 714 0 0 204 0 0 0 0 0
821 102 0 0 0 0 0 0 0 0
830 510 1 1 102 0 0 0 0 0
844 306 0 0 102 9 0 0 0 0
845 2 1 1 0 0 0 1 0 0
847 408 0 0 204 0 0 0 0 0
852 102 0 0 0 0 0 102 0 0
854 912 1 1 798 0 0 0 0 0
fn=_dl_setup_hash
865 15 1 1 5 0 0 0 0 0
869 3 0 0 3 0 0 0 0 0
873 6 0 0 3 3 3 3 0 0
874 3 0 0 3 0 0 0 0 0
875 3 0 0 3 1 1 0 0 0
878 6 1 1 0 0 0 3 0 0
879 9 0 0 3 0 0 3 0 0
881 3 0 0 0 0 0 3 0 0
882 6 0 0 0 0 0 0 0 0
884 3 0 0 0 0 0 3 0 0
885 3 0 0 0 0 0 0 0 0
886 12 0 0 0 0 0 3 0 0
887 3 0 0 3 0 0 0 0 0
890 6 0 0 2 0 0 0 0 0
892 2 0 0 2 0 0 0 0 0
894 4 0 0 2 2 2 2 0 0
896 2 0 0 0 0 0 0 0 0
897 2 0 0 0 0 0 2 0 0
898 6 0 0 2 0 0 2 0 0
fn=check_match.9513
132 5397 1 1 0 0 0 3084 3 2
133 1542 0 0 771 96 17 0 0 0
135 3084 1 1 1142 7 6 0 0 0
137 1113 0 0 371 0 0 0 0 0
147 1113 0 0 371 0 0 371 7 4
150 2518 1 1 1259 0 0 296 2 1
154 204 0 0 204 5 0 0 0 0
155 306 0 0 102 0 0 0 0 0
157 202 0 0 0 0 0 0 0 0
176 202 0 0 202 17 2 0 0 0
177 808 1 1 303 15 0 0 0 0
178 707 0 0 202 1 0 101 0 0
205 2 0 0 0 0 0 0 0 0
207 6 0 0 2 0 0 0 0 0
208 5 0 0 1 0 0 0 0 0
216 1469 1 1 0 0 0 0 0 0
223 4626 0 0 3855 0 0 0 0 0
fn=do_lookup_x
77 912 1 1 342 0 0 570 3 1
82 1368 3 2 228 0 0 798 9 3
83 114 0 0 114 1 0 0 0 0
88 114 0 0 0 0 0 0 0 0
89 114 0 0 114 0 0 0 0 0
95 473 0 0 0 0 0 473 0 0
96 473 1 1 0 0 0 473 0 0
98 1419 0 0 946 20 0 473 0 0
101 946 0 0 0 0 0 0 0 0
105 954 0 0 477 0 0 0 0 0
109 944 0 0 472 16 0 0 0 0
113 944 1 1 472 2 0 0 0 0
120 1416 0 0 472 23 0 0 0 0
124 944 0 0 944 37 0 0 0 0
125 1416 0 0 944 13 0 472 0 0
226 472 0 0 472 0 0 0 0 0
227 944 0 0 0 0 0 0 0 0
229 246 0 0 246 119 39 0 0 0
230 456 0 0 0 0 0 114 3 1
231 492 0 0 246 0 0 0 0 0
233 228 0 0 0 0 0 0 0 0
234 984 0 0 246 0 0 0 0 0
237 984 0 0 0 0 0 0 0 0
238 738 0 0 0 0 0 0 0 0
240 210 1 1 210 80 48 0 0 0
241 420 1 1 0 0 0 0 0 0
242 210 0 0 0 0 0 0 0 0
244 312 0 0 104 0 0 0 0 0
247 990 0 0 198 94 64 0 0 0
249 808 1 1 202 0 0 202 0 0
250 707 0 0 101 0 0 404 0 0
251 505 0 0 303 0 0 0 0 0
254 291 0 0 0 0 0 0 0 0
258 145 0 0 0 0 0 145 0 0
262 1352 1 1 226 0 0 0 0 0
263 342 1 1 114 0 0 114 0 0
268 2504 1 1 452 10 2 226 0 0
270 3345 0 0 2676 35 2 669 0 0
272 4690 1 1 670 0 0 2680 2 1
273 3351 0 0 2010 0 0 0 0 0
282 740 1 1 370 0 0 0 0 0
287 764 0 0 102 0 0 0 0 0
291 243 1 1 13 5 0 102 0 0
304 204 0 0 102 0 0 102 0 0
305 204 0 0 102 0 0 102 0 0
306 102 1 1 0 0 0 0 0 0
462 2031 1 1 677 1 0 0 0 0
463 693 0 0 252 0 0 252 0 0
466 1113 1 1 0 0 0 0 0 0
469 24 0 0 0 0 0 0 0 0
470 912 0 0 798 0 0 0 0 0
fl=/usr/src/debug/glibc-2.17-c758a686/elf/dl-minimal.c
fn=__libc_memalign
51 108 1 1 0 0 0 54 2 2
52 133 1 1 53 0 0 0 0 0
57 3 0 0 0 0 0 1 0 0
58 3 1 1 1 0 0 0 0 0
59 1 0 0 0 0 0 0 0 0
63 81 0 0 0 0 0 27 0 0
64 27 0 0 0 0 0 0 0 0
66 177 0 0 0 0 0 0 0 0
70 12 1 1 3 0 0 0 0 0
71 9 0 0 0 0 0 0 0 0
77 21 0 0 0 0 0 3 0 0
79 15 0 0 6 0 0 0 0 0
83 9 0 0 0 0 0 3 0 0
86 27 0 0 0 0 0 27 0 0
87 27 0 0 0 0 0 27 0 0
89 207 1 1 81 0 0 0 0 0
fn=calloc
102 10 1 1 0 0 0 0 0 0
106 10 0 0 0 0 0 0 0 0
109 50 0 0 0 0 0 0 0 0
113 10 0 0 0 0 0 0 0 0
fn=malloc
93 26 0 0 0 0 0 0 0 0
94 52 0 0 0 0 0 0 0 0
fn=strsep
340 3 1 1 3 0 0 0 0 0
341 6 0 0 0 0 0 0 0 0
345 143 0 0 28 0 0 0 0 0
350 106 0 0 53 0 0 0 0 0
352 156 0 0 52 0 0 0 0 0
354 2 0 0 0 0 0 0 0 0
356 2 0 0 0 0 0 1 0 0
357 1 0 0 0 0 0 0 0 0
360 26 0 0 0 0 0 0 0 0
363 2 0 0 0 0 0 2 0 0
367 3 0 0 3 0 0 0 0 0
fl=/usr/src/debug/glibc-2.17-c758a686/elf/dl-misc.c
fn=_dl_name_match_p
304 495 1 1 0 0 0 198 0 0
305 396 0 0 99 5 0 99 1 1
306 106 0 0 0 0 0 0 0 0
308 99 0 0 99 1 0 0 0 0
310 398 0 0 0 0 0 0 0 0
311 535 1 1 107 22 0 107 0 0
314 100 0 0 100 0 0 0 0 0
316 92 0 0 0 0 0 0 0 0
317 495 0 0 297 0 0 0 0 0
fn=_dl_sysdep_read_whole_file
43 7 1 1 0 0 0 4 0 0
44 1 0 0 0 0 0 0 0 0
50 4 1 1 0 0 0 1 0 0
51 2 0 0 0 0 0 0 0 0
53 6 0 0 0 0 0 1 0 0
55 2 0 0 1 0 0 1 1 1
58 2 0 0 0 0 0 0 0 0
60 8 1 1 0 0 0 1 0 0
71 2 0 0 0 0 0 1 0 0
74 7 0 0 5 0 0 0 0 0
fl=/usr/src/debug/glibc-2.17-c758a686/elf/dl-object.c
fn=_dl_add_to_namespace_list
33 20 2 2 0 0 0 8 0 0
35 8 0 0 4 0 0 4 0 0
37 29 0 0 4 0 0 0 0 0
40 27 0 0 9 0 0 0 0 0
41 6 0 0 0 0 0 0 0 0
42 3 0 0 0 0 0 3 0 0
44 3 0 0 0 0 0 3 0 0
47 2 1 1 0 0 0 1 0 0
48 12 0 0 4 0 0 0 0 0
49 8 0 0 4 0 0 4 0 0
50 8 0 0 0 0 0 4 0 0
52 12 0 0 4 0 0 0 0 0
53 12 0 0 8 0 0 0 0 0
fn=_dl_new_object
62 52 1 1 0 0 0 36 2 2
63 20 0 0 0 0 0 4 0 0
69 48 1 1 8 0 0 0 0 0
76 20 0 0 0 0 0 8 0 0
79 8 1 1 0 0 0 0 0 0
82 4 0 0 0 0 0 4 4 4
83 8 0 0 0 0 0 4 4 4
87 8 0 0 0 0 0 4 1 1
88 20 0 0 4 0 0 8 2 2
90 4 1 1 0 0 0 4 0 0
92 8 0 0 4 0 0 4 0 0
93 24 0 0 8 4 4 4 0 0
96 8 0 0 4 0 0 0 0 0
97 9 1 1 0 0 0 4 4 4
98 4 0 0 0 0 0 4 1 1
102 4 1 1 0 0 0 4 0 0
105 45 0 0 0 0 0 0 0 0
107 32 0 0 0 0 0 16 5 5
117 8 0 0 0 0 0 4 1 1
118 4 1 1 0 0 0 4 4 4
121 4 0 0 0 0 0 0 0 0
123 24 0 0 4 1 1 0 0 0
125 9 0 0 0 0 0 3 0 0
128 9 0 0 0 0 0 0 0 0
132 9 0 0 3 0 0 0 0 0
136 21 0 0 3 0 0 0 0 0
138 1 1 1 0 0 0 0 0 0
144 1 0 0 0 0 0 1 1 1
147 8 0 0 0 0 0 4 1 1
150 20 1 1 8 0 0 0 0 0
152 15 0 0 3 0 0 6 0 0
156 15 0 0 0 0 0 0 0 0
160 9 1 1 0 0 0 3 0 0
161 12 0 0 0 0 0 0 0 0
206 12 1 1 6 0 0 3 0 0
211 103 0 0 0 0 0 0 0 0
212 112 0 0 53 0 0 0 0 0
217 6 0 0 0 0 0 3 0 0
220 6 0 0 0 0 0 3 0 0
224 32 1 1 28 0 0 0 0 0
fl=/usr/src/debug/glibc-2.17-c758a686/elf/dl-reloc.c
fn=_dl_relocate_object
148 60 1 1 0 0 0 40 0 0
155 5 0 0 0 0 0 5 0 0
158 6 0 0 0 0 0 0 0 0
159 25 1 1 0 0 0 15 0 0
163 10 0 0 0 0 0 0 0 0
164 20 1 1 10 1 0 0 0 0
170 10 0 0 5 0 0 0 0 0
176 15 0 0 5 0 0 0 0 0
177 10 1 1 5 4 0 0 0 0
178 2 0 0 0 0 0 0 0 0
180 10 0 0 5 0 0 0 0 0
188 10 1 1 5 1 0 0 0 0
233 15 0 0 10 0 0 5 0 0
259 296 4 4 104 17 0 65 0 0
262 15 1 1 5 0 0 0 0 0
294 5 0 0 5 0 0 0 0 0
297 10 0 0 5 0 0 0 0 0
314 15 0 0 5 3 0 0 0 0
316 40 0 0 35 2 0 0 0 0
322 20 1 1 10 0 0 0 0 0
323 10 0 0 5 0 0 0 0 0
324 10 0 0 0 0 0 0 0 0
327 10 1 1 0 0 0 0 0 0
328 25 0 0 0 0 0 5 0 0
fl=/usr/src/debug/glibc-2.17-c758a686/elf/dl-tls.c
fn=_dl_add_to_slotinfo
879 6 1 1 0 0 0 4 0 0
885 1 1 1 1 0 0 0 0 0
888 2 0 0 1 1 0 0 0 0
893 5 0 0 1 0 0 0 0 0
934 1 0 0 0 0 0 1 1 0
935 3 1 1 1 1 0 1 0 0
936 6 0 0 5 0 0 0 0 0
fn=_dl_allocate_tls_init
443 8 1 1 0 0 0 7 0 0
444 2 0 0 0 0 0 0 0 0
448 3 1 1 1 1 0 1 0 0
450 2 0 0 0 0 0 0 0 0
451 1 0 0 0 0 0 0 0 0
454 4 0 0 2 1 0 0 0 0
466 1 0 0 1 0 0 0 0 0
471 9 0 0 1 1 0 0 0 0
477 12 1 1 0 0 0 0 0 0
480 1 0 0 1 1 0 0 0 0
481 2 0 0 0 0 0 0 0 0
488 3 0 0 1 0 0 0 0 0
490 4 1 1 2 0 0 1 0 0
491 1 0 0 0 0 0 1 0 0
493 2 0 0 0 0 0 0 0 0
494 2 0 0 1 1 0 0 0 0
501 2 0 0 1 0 0 0 0 0
509 10 1 1 4 0 0 2 0 0
511 1 0 0 1 0 0 0 0 0
523 2 1 1 1 0 0 1 0 0
525 1 0 0 1 0 0 0 0 0
526 8 0 0 7 0 0 0 0 0
fn=_dl_allocate_tls_storage
316 2 1 1 1 0 0 0 0 0
317 3 0 0 0 0 0 1 0 0
318 2 0 0 0 0 0 0 0 0
321 1 0 0 0 0 0 1 1 1
327 2 0 0 0 0 0 1 0 0
349 3 1 1 0 0 0 3 0 0
351 1 0 0 1 0 0 0 0 0
362 4 0 0 1 0 0 1 0 0
363 2 0 0 0 0 0 0 0 0
370 1 0 0 0 0 0 0 0 0
374 306 1 1 0 0 0 288 36 36
391 5 0 0 4 0 0 0 0 0
fn=_dl_count_modids
111 2 1 1 1 0 0 0 0 0
112 2 1 1 2 0 0 0 0 0
fn=_dl_determine_tlsoffset
133 5 0 0 0 0 0 4 0 0
134 1 0 0 0 0 0 0 0 0
135 1 0 0 0 0 0 0 0 0
136 1 1 1 0 0 0 0 0 0
144 2 0 0 1 0 0 0 0 0
176 1 0 0 0 0 0 0 0 0
178 8 0 0 2 0 0 0 0 0
182 3 0 0 1 0 0 0 0 0
183 2 1 1 1 0 0 0 0 0
185 2 0 0 0 0 0 0 0 0
187 5 0 0 1 0 0 0 0 0
189 2 0 0 0 0 0 0 0 0
203 6 1 1 0 0 0 0 0 0
205 3 0 0 0 0 0 0 0 0
206 1 0 0 0 0 0 0 0 0
209 1 0 0 0 0 0 0 0 0
215 1 0 0 0 0 0 1 0 0
218 1 1 1 0 0 0 1 0 0
219 1 0 0 0 0 0 1 0 0
270 1 0 0 0 0 0 1 0 0
271 8 0 0 5 0 0 0 0 0
fn=_dl_next_tls_modid
52 3 1 1 2 0 0 0 0 0
100 2 1 1 0 0 0 1 0 0
104 1 0 0 1 0 0 0 0 0
fl=/usr/src/debug/glibc-2.17-c758a686/elf/dl-tunables.c
fn=_dl_process_tunable_env_entries
29 1 0 0 0 0 0 1 0 0
37 2 1 1 1 0 0 0 0 0
38 124 0 0 41 0 0 0 0 0
42 87 0 0 42 19 19 0 0 0
43 1 0 0 0 0 0 0 0 0
45 2 0 0 0 0 0 0 0 0
57 40 1 1 0 0 0 0 0 0
60 2 0 0 2 0 0 0 0 0
fl=/usr/src/debug/glibc-2.17-c758a686/elf/dl-version.c
fn=_dl_check_all_versions
381 6 1 1 0 0 0 4 0 0
383 2 0 0 0 0 0 0 0 0
385 19 0 0 5 0 0 0 0 0
386 5 0 0 0 0 0 0 0 0
387 50 1 1 5 0 0 5 0 0
390 7 1 1 5 0 0 0 0 0
fn=_dl_check_map_versions
56 56 0 0 8 0 0 0 0 0
57 14 0 0 14 0 0 0 0 0
58 94 1 1 0 0 0 18 0 0
174 55 1 1 0 0 0 40 0 0
175 2 0 0 0 0 0 0 0 0
183 2 0 0 0 0 0 0 0 0
189 15 0 0 5 0 0 0 0 0
191 10 0 0 5 1 0 5 0 0
193 10 0 0 5 1 0 5 0 0
194 10 1 1 5 0 0 5 0 0
196 10 0 0 0 0 0 0 0 0
199 12 0 0 9 0 0 3 0 0
203 18 1 1 6 2 2 0 0 0
220 12 0 0 12 0 0 0 0 0
228 12 0 0 4 0 0 0 0 0
233 32 1 1 8 1 1 0 0 0
237 92 1 1 56 3 2 12 0 0
245 24 0 0 6 0 0 0 0 0
248 26 0 0 6 0 0 0 0 0
253 2 0 0 0 0 0 0 0 0
257 16 0 0 8 0 0 0 0 0
262 1 0 0 1 0 0 0 0 0
263 1 0 0 0 0 0 0 0 0
271 15 1 1 5 0 0 0 0 0
274 9 0 0 6 1 0 0 0 0
277 124 0 0 31 1 1 0 0 0
280 93 0 0 31 1 1 0 0 0
284 28 0 0 0 0 0 0 0 0
288 10 1 1 0 0 0 0 0 0
293 4 0 0 0 0 0 4 0 0
294 16 1 1 0 0 0 4 0 0
295 8 0 0 0 0 0 0 0 0
303 4 0 0 0 0 0 4 0 0
306 12 0 0 8 1 0 4 1 0
308 12 1 1 4 0 0 0 0 0
311 12 0 0 9 0 0 0 0 0
315 12 0 0 4 0 0 0 0 0
318 18 0 0 6 0 0 0 0 0
320 18 0 0 0 0 0 0 0 0
322 30 1 1 6 0 0 6 0 0
323 18 0 0 0 0 0 6 4 4
324 18 0 0 6 0 0 6 1 1
325 18 0 0 6 0 0 6 0 0
328 18 0 0 6 0 0 0 0 0
333 2 0 0 0 0 0 0 0 0
336 12 0 0 4 0 0 0 0 0
341 1 0 0 0 0 0 0 0 0
342 1 0 0 0 0 0 0 0 0
346 12 1 1 4 0 0 0 0 0
349 12 0 0 9 0 0 0 0 0
353 31 0 0 31 0 0 0 0 0
355 62 0 0 31 0 0 0 0 0
359 28 0 0 28 0 0 0 0 0
360 140 0 0 28 0 0 28 8 8
361 84 0 0 28 0 0 28 0 0
362 28 0 0 0 0 0 28 3 3
365 93 0 0 31 0 0 0 0 0
369 28 0 0 0 0 0 0 0 0
374 9 0 0 0 0 0 0 0 0
375 40 1 1 35 0 0 0 0 0
fn=match_symbol
76 78 2 2 0 0 0 48 0 0
77 12 0 0 12 1 0 0 0 0
85 12 0 0 6 0 0 0 0 0
91 18 0 0 6 1 0 0 0 0
109 12 0 0 12 1 0 0 0 0
114 78 1 1 39 10 10 0 0 0
128 78 0 0 39 2 2 0 0 0
130 6 1 1 6 1 1 0 0 0
133 36 0 0 6 1 1 6 0 0
140 99 0 0 33 2 2 0 0 0
144 33 0 0 0 0 0 0 0 0
168 48 0 0 42 0 0 0 0 0
fl=/usr/src/debug/glibc-2.17-c758a686/elf/do-rel.h
fn=_dl_relocate_object
47 20 0 0 10 0 0 0 0 0
48 10 0 0 10 1 0 0 0 0
50 4 0 0 0 0 0 0 0 0
51 4 0 0 0 0 0 4 1 0
58 30 0 0 10 0 0 0 0 0
61 141 1 1 0 0 0 0 0 0
63 129 1 1 43 16 16 0 0 0
65 38 0 0 0 0 0 0 0 0
74 6 0 0 0 0 0 0 0 0
75 52 1 1 11 0 0 0 0 0
76 24 0 0 12 0 0 0 0 0
83 14 0 0 7 1 0 7 0 0
84 7 1 1 7 0 0 0 0 0
86 14 0 0 0 0 0 0 0 0
98 21 1 1 0 0 0 0 0 0
108 13 1 1 1 1 1 0 0 0
111 4797 0 0 0 0 0 1196 228 226
118 21 1 1 7 6 0 0 0 0
121 12 0 0 6 3 0 6 1 0
124 396 1 1 132 0 0 0 0 0
127 496 0 0 124 32 28 0 0 0
129 29 1 1 7 0 0 8 1 0
136 351 0 0 234 61 44 0 0 0
137 774 1 1 117 0 0 117 0 0
138 219 1 1 117 2 0 0 0 0
139 234 0 0 234 0 0 0 0 0
143 8 0 0 0 0 0 0 0 0
144 26 0 0 1 0 0 0 0 0
145 21 0 0 7 0 0 0 0 0
148 21 1 1 14 0 0 0 0 0
149 21 0 0 7 0 0 7 0 0
150 7 0 0 0 0 0 0 0 0
151 7 0 0 7 0 0 0 0 0
152 14 0 0 7 0 0 0 0 0
160 23 2 2 5 0 0 4 0 0
162 20 1 1 5 1 1 0 0 0
170 25 0 0 5 0 0 5 0 0
171 10 0 0 10 0 0 0 0 0
174 5 0 0 2 0 0 0 0 0
fn=_dl_start
83 1 1 1 1 0 0 0 0 0
111 33 0 0 0 0 0 0 0 0
124 31 0 0 0 0 0 0 0 0
137 45 1 1 9 3 3 0 0 0
139 18 0 0 9 0 0 0 0 0
fl=/usr/src/debug/glibc-2.17-c758a686/elf/get-dynamic-info.h
fn=_dl_map_object_from_fd
38 6 0 0 0 0 0 0 0 0
42 3 0 0 0 0 0 0 0 0
44 234 0 0 78 21 21 0 0 0
46 150 0 0 0 0 0 0 0 0
51 71 1 1 0 0 0 0 0 0
52 124 0 0 0 0 0 73 18 18
53 8 0 0 0 0 0 0 0 0
55 3 0 0 0 0 0 0 0 0
56 11 1 1 0 0 0 0 0 0
58 3 0 0 0 0 0 0 0 0
59 11 1 1 0 0 0 0 0 0
60 2 0 0 0 0 0 0 0 0
61 8 0 0 0 0 0 2 0 0
62 75 0 0 0 0 0 0 0 0
69 6 0 0 0 0 0 0 0 0
89 12 1 1 6 0 0 0 0 0
90 12 0 0 6 0 0 0 0 0
91 12 0 0 6 0 0 0 0 0
92 12 0 0 6 0 0 0 0 0
94 12 0 0 6 0 0 0 0 0
99 12 1 1 6 0 0 0 0 0
100 11 0 0 5 1 1 0 0 0
101 11 0 0 5 0 0 0 0 0
136 9 0 0 3 0 0 0 0 0
141 4 0 0 2 0 0 2 1 1
143 4 0 0 0 0 0 0 0 0
145 4 0 0 0 0 0 0 0 0
147 4 0 0 0 0 0 0 0 0
148 1 0 0 0 0 0 1 0 0
150 9 1 1 3 0 0 0 0 0
152 4 0 0 2 0 0 2 0 0
160 4 1 1 2 0 0 0 0 0
161 4 0 0 0 0 0 0 0 0
165 4 0 0 0 0 0 0 0 0
166 2 0 0 1 0 0 1 0 0
168 6 0 0 3 0 0 0 0 0
fn=_dl_start
44 63 1 1 21 6 6 0 0 0
46 40 0 0 0 0 0 0 0 0
47 28 0 0 0 0 0 14 4 4
51 25 1 1 0 0 0 0 0 0
52 22 0 0 0 0 0 5 3 3
53 4 1 1 0 0 0 0 0 0
55 1 0 0 0 0 0 0 0 0
56 5 1 1 0 0 0 0 0 0
58 2 0 0 0 0 0 0 0 0
59 5 1 1 0 0 0 0 0 0
60 1 0 0 0 0 0 0 0 0
61 5 0 0 0 0 0 1 1 1
62 20 0 0 0 0 0 0 0 0
69 2 0 0 0 0 0 0 0 0
89 4 0 0 2 0 0 0 0 0
90 4 1 1 2 0 0 0 0 0
91 4 0 0 2 0 0 0 0 0
92 4 0 0 2 0 0 0 0 0
94 4 0 0 2 0 0 0 0 0
99 4 1 1 2 0 0 0 0 0
100 4 0 0 2 0 0 0 0 0
101 4 0 0 2 0 0 0 0 0
fn=dl_main
29 1 0 0 1 0 0 0 0 0
38 2 0 0 0 0 0 0 0 0
42 1 0 0 0 0 0 0 0 0
44 75 0 0 25 7 7 0 0 0
46 48 0 0 0 0 0 0 0 0
51 13 1 1 0 0 0 0 0 0
52 35 0 0 0 0 0 24 5 5
55 1 0 0 0 0 0 0 0 0
56 1 0 0 0 0 0 0 0 0
58 1 1 1 0 0 0 0 0 0
59 1 0 0 0 0 0 0 0 0
61 1 0 0 0 0 0 0 0 0
62 24 0 0 0 0 0 0 0 0
69 3 0 0 1 0 0 0 0 0
136 3 1 1 1 0 0 0 0 0
150 3 1 1 1 1 1 0 0 0
168 2 1 1 1 0 0 0 0 0
fl=/usr/src/debug/glibc-2.17-c758a686/elf/rtld.c
fn=_dl_initial_error_catch_tsd
877 14 0 0 7 0 0 0 0 0
fn=_dl_start
378 2 1 1 0 0 0 1 1 1
379 2 0 0 0 0 0 1 0 0
380 2 0 0 0 0 0 1 1 1
381 2 1 1 0 0 0 1 0 0
382 2 0 0 0 0 0 1 0 0
402 5 0 0 0 0 0 1 1 1
405 1 0 0 0 0 0 1 1 1
411 4 2 1 0 0 0 1 0 0
420 4 0 0 0 0 0 0 0 0
423 2 0 0 1 1 0 1 1 0
427 2 0 0 1 0 0 0 0 0
441 9 1 1 0 0 0 6 1 1
459 5 0 0 0 0 0 1 1 1
485 1 0 0 0 0 0 1 0 0
488 1 0 0 0 0 0 1 1 1
621 34 2 2 10 0 0 0 0 0
623 1 0 0 1 1 1 0 0 0
648 9 0 0 7 1 0 0 0 0
fn=dl_main
932 1 0 0 1 1 0 0 0 0
934 1 0 0 0 0 0 1 0 0
943 1 0 0 0 0 0 1 0 0
945 1 0 0 0 0 0 1 0 0
950 1 0 0 0 0 0 1 0 0
1005 12 2 2 0 0 0 7 2 2
1011 1 0 0 0 0 0 0 0 0
1013 2 0 0 0 0 0 0 0 0
1014 1 0 0 0 0 0 0 0 0
1020 1 0 0 0 0 0 1 0 0
1024 2 0 0 0 0 0 1 0 0
1027 2 0 0 0 0 0 1 1 1
1031 2 0 0 0 0 0 1 1 1
1032 2 1 1 0 0 0 1 0 0
1037 2 0 0 0 0 0 1 0 0
1043 1 1 1 0 0 0 1 1 1
1045 3 1 1 1 0 0 0 0 0
1241 8 1 1 0 0 0 1 0 0
1244 1 1 1 0 0 0 1 1 1
1245 2 0 0 1 0 0 1 0 0
1246 2 0 0 1 0 0 1 0 0
1250 6 0 0 1 0 0 2 0 0
1272 1 0 0 0 0 0 1 0 0
1273 1 0 0 0 0 0 1 0 0
1275 1 0 0 0 0 0 1 0 0
1277 1 0 0 1 0 0 0 0 0
1280 36 3 3 3 0 0 0 0 0
1281 71 1 1 9 5 5 0 0 0
1285 3 1 1 1 0 0 1 0 0
1286 1 0 0 0 0 0 0 0 0
1290 3 1 1 2 0 0 1 0 0
1291 1 0 0 0 0 0 0 0 0
1299 1 0 0 0 0 0 1 1 1
1300 2 1 1 2 1 1 0 0 0
1302 2 0 0 0 0 0 1 0 0
1309 3 1 1 1 0 0 0 0 0
1327 1 0 0 0 0 0 0 0 0
1335 4 0 0 2 0 0 0 0 0
1336 10 1 1 3 1 1 0 0 0
1337 4 0 0 2 0 0 0 0 0
1338 1 0 0 0 0 0 1 0 0
1341 4 0 0 2 1 1 0 0 0
1342 4 0 0 2 0 0 0 0 0
1343 2 0 0 0 0 0 2 0 0
1344 6 0 0 3 0 0 0 0 0
1345 2 0 0 0 0 0 1 0 0
1372 2 1 1 1 0 0 1 0 0
1373 1 0 0 0 0 0 0 0 0
1376 2 0 0 1 0 0 1 0 0
1377 2 0 0 1 0 0 1 0 0
1378 1 0 0 0 0 0 0 0 0
1383 3 0 0 1 1 1 0 0 0
1386 2 0 0 0 0 0 0 0 0
1388 2 1 1 0 0 0 0 0 0
1390 2 0 0 1 0 0 0 0 0
1403 2 0 0 0 0 0 0 0 0
1404 11 1 1 6 0 0 2 0 0
1409 1 0 0 0 0 0 1 0 0
1411 1 0 0 0 0 0 1 0 0
1412 1 0 0 0 0 0 1 0 0
1415 2 0 0 0 0 0 1 0 0
1421 2 1 1 0 0 0 0 0 0
1426 2 0 0 0 0 0 1 0 0
1429 2 0 0 1 0 0 0 0 0
1445 3 1 1 0 0 0 1 0 0
1451 9 1 1 1 0 0 2 0 0
1456 2 1 1 1 0 0 1 0 0
1459 4 0 0 1 0 0 2 0 0
1461 1 0 0 0 0 0 1 0 0
1466 2 1 1 1 0 0 0 0 0
1469 3 0 0 2 0 0 1 0 0
1470 4 0 0 1 0 0 1 0 0
1471 2 1 1 0 0 0 1 0 0
1472 1 0 0 0 0 0 1 0 0
1473 1 0 0 1 0 0 0 0 0
1474 1 0 0 1 0 0 0 0 0
1479 2 0 0 1 0 0 0 0 0
1480 5 0 0 1 0 0 1 0 0
1484 1 0 0 1 0 0 0 0 0
1486 4 1 1 1 0 0 0 0 0
1487 2 0 0 0 0 0 1 0 0
1488 4 0 0 1 1 1 1 1 1
1493 2 0 0 0 0 0 0 0 0
1494 6 1 1 1 1 1 0 0 0
1496 2 0 0 1 0 0 1 1 1
1497 2 0 0 1 0 0 1 0 0
1502 2 0 0 1 0 0 0 0 0
1507 1 0 0 0 0 0 1 0 0
1508 4 1 1 2 0 0 0 0 0
1509 2 0 0 0 0 0 0 0 0
1688 2 0 0 0 0 0 2 0 0
1696 3 0 0 1 0 0 0 0 0
1699 2 1 1 1 0 0 1 0 0
1703 3 0 0 1 0 0 0 0 0
1708 2 1 1 1 0 0 1 0 0
1709 2 1 1 0 0 0 1 0 0
1710 1 0 0 0 0 0 0 0 0
1714 3 0 0 1 0 0 0 0 0
1733 3 1 1 1 0 0 0 0 0
1735 5 1 1 0 0 0 0 0 0
1736 3 0 0 0 0 0 1 0 0
1737 4 1 1 0 0 0 0 0 0
1739 3 0 0 1 0 0 0 0 0
1749 5 0 0 0 0 0 1 0 0
1826 4 0 0 2 0 0 0 0 0
1830 8 1 1 0 0 0 0 0 0
1831 1 0 0 0 0 0 0 0 0
1834 2 0 0 0 0 0 1 0 0
1835 1 0 0 1 0 0 0 0 0
1836 2 0 0 0 0 0 0 0 0
1843 5 1 1 0 0 0 0 0 0
1844 8 0 0 0 0 0 1 0 0
1845 4 0 0 0 0 0 0 0 0
1847 2 1 1 1 1 0 0 0 0
1850 15 0 0 2 0 0 0 0 0
1851 20 0 0 10 0 0 0 0 0
1854 3 0 0 2 0 0 1 0 0
1855 3 1 1 1 0 0 0 0 0
1856 1 0 0 0 0 0 1 0 0
1858 16 0 0 0 0 0 0 0 0
1859 11 0 0 5 0 0 0 0 0
1869 2 0 0 0 0 0 1 0 0
1871 2 0 0 1 0 0 1 0 0
1872 2 0 0 1 1 0 0 0 0
1874 2 0 0 0 0 0 1 0 0
1876 3 1 1 0 0 0 0 0 0
1878 3 0 0 1 1 0 0 0 0
1890 3 1 1 0 0 0 0 0 0
1893 2 0 0 0 0 0 1 0 0
1894 3 0 0 1 0 0 0 0 0
1905 4 0 0 0 0 0 1 0 0
1906 1 0 0 0 0 0 1 1 1
1907 4 1 1 1 0 0 1 0 0
1917 2 1 1 1 0 0 1 0 0
1918 2 0 0 1 0 0 0 0 0
1919 2 0 0 0 0 0 2 0 0
1921 2 0 0 1 0 0 0 0 0
1926 2 0 0 1 0 0 0 0 0
2159 3 0 0 1 1 0 0 0 0
2209 1 0 0 1 0 0 0 0 0
2215 2 2 2 0 0 0 1 0 0
2219 4 0 0 2 0 0 2 0 0
2223 2 0 0 1 0 0 1 1 0
2226 2 0 0 0 0 0 0 0 0
2234 2 0 0 0 0 0 0 0 0
2280 3 1 1 1 0 0 0 0 0
2287 1 0 0 1 1 0 0 0 0
2289 11 1 1 1 0 0 1 0 0
2291 15 1 1 1 1 0 0 0 0
2293 15 0 0 10 5 0 0 0 0
2298 10 0 0 10 1 0 0 0 0
2300 12 0 0 0 0 0 0 0 0
2302 1 1 1 0 0 0 1 0 0
2303 1 0 0 1 0 0 0 0 0
2306 5 1 1 5 0 0 0 0 0
2308 15 0 0 0 0 0 0 0 0
2309 32 0 0 8 5 0 4 0 0
2313 17 0 0 6 1 0 0 0 0
2314 4 0 0 0 0 0 1 0 0
2316 4 0 0 0 0 0 0 0 0
2318 2 0 0 0 0 0 1 1 0
2324 2 0 0 1 0 0 0 0 0
2333 4 1 1 2 1 0 0 0 0
2335 1 0 0 1 1 0 0 0 0
2340 2 0 0 1 0 0 1 0 0
2344 2 1 1 1 0 0 0 0 0
2360 4 1 1 1 0 0 0 0 0
2375 5 0 0 0 0 0 0 0 0
2377 1 0 0 1 0 0 0 0 0
2378 5 0 0 1 0 0 1 0 0
2379 4 0 0 0 0 0 0 0 0
2381 3 0 0 1 0 0 0 0 0
2389 1 0 0 0 0 0 1 0 0
2393 3 0 0 1 0 0 0 0 0
2413 4 1 1 0 0 0 1 0 0
2414 1 0 0 0 0 0 1 0 0
2415 1 0 0 0 0 0 1 0 0
2416 1 0 0 0 0 0 0 0 0
2420 1 0 0 0 0 0 1 0 0
2425 8 0 0 7 2 0 0 0 0
2591 2 0 0 1 0 0 1 1 1
2593 1 0 0 0 0 0 0 0 0
2594 4 0 0 0 0 0 3 0 0
2598 7 0 0 1 0 0 1 0 0
2603 2 1 1 0 0 0 1 1 1
2605 15 0 0 3 0 0 3 0 0
2609 105 1 1 21 0 0 0 0 0
2610 19 0 0 0 0 0 0 0 0
2612 4 0 0 0 0 0 0 0 0
2618 16 1 1 2 1 1 0 0 0
2639 6 1 1 0 0 0 1 0 0
2646 6 2 2 0 0 0 1 0 0
2648 3 0 0 0 0 0 1 0 0
2693 4 1 1 2 0 0 0 0 0
2694 6 1 1 0 0 0 1 0 0
2696 3 0 0 0 0 0 1 0 0
2766 3 0 0 1 0 0 0 0 0
2796 3 0 0 1 0 0 0 0 0
fn=handle_ld_preload
108 3 0 0 1 0 0 0 0 0
885 1 0 0 0 0 0 1 0 0
889 1 0 0 0 0 0 1 0 0
890 2 0 0 1 0 0 1 0 0
891 1 0 0 0 0 0 1 0 0
893 1 0 0 1 0 0 0 0 0
895 13 2 2 3 0 0 4 1 1
896 2 0 0 1 0 0 0 0 0
904 3 0 0 1 0 0 0 0 0
970 9 1 1 0 0 0 7 1 1
971 1 0 0 0 0 0 0 0 0
975 6 0 0 2 0 0 0 0 0
979 3 0 0 0 0 0 0 0 0
981 6 1 1 0 0 0 1 0 0
982 3 1 1 0 0 0 1 0 0
989 4 1 1 0 0 0 0 0 0
992 2 0 0 1 0 0 0 0 0
993 1 0 0 0 0 0 0 0 0
996 9 0 0 7 1 0 0 0 0
fn=init_tls
796 1 0 0 0 0 0 1 0 0
798 2 0 0 1 1 0 1 0 0
802 2 0 0 1 1 0 0 0 0
803 1 1 1 0 0 0 0 0 0
808 2 1 1 0 0 0 1 0 0
811 1 0 0 0 0 0 1 0 0
812 4 0 0 0 0 0 1 0 0
817 1 0 0 0 0 0 0 0 0
819 1 0 0 0 0 0 1 0 0
824 1 0 0 0 0 0 0 0 0
825 13 0 0 1 0 0 0 0 0
826 10 1 1 5 0 0 0 0 0
827 10 0 0 5 4 0 0 0 0
831 3 0 0 0 0 0 1 1 1
833 1 0 0 0 0 0 0 0 0
838 1 0 0 0 0 0 1 0 0
845 2 0 0 0 0 0 1 0 0
846 2 0 0 0 0 0 0 0 0
852 2 1 1 1 0 0 1 0 0
860 7 0 0 0 0 0 2 0 0
864 2 1 1 0 0 0 1 0 0
867 2 0 0 2 0 0 0 0 0
fn=map_doit
704 2 1 1 0 0 0 1 0 0
706 8 0 0 3 0 0 2 0 0
708 2 0 0 2 0 0 0 0 0
fn=rtld_lock_default_lock_recursive
917 10 1 1 10 2 1 0 0 0
fn=rtld_lock_default_unlock_recursive
923 10 0 0 10 1 0 0 0 0
fn=version_check_doit
736 2 1 1 0 0 0 1 0 0
738 6 1 1 2 0 0 1 0 0
742 2 0 0 2 0 0 0 0 0
fl=/usr/src/debug/glibc-2.17-c758a686/elf/setup-vdso.h
fn=dl_main
24 2 1 1 1 0 0 0 0 0
fl=/usr/src/debug/glibc-2.17-c758a686/io/../sysdeps/unix/sysv/linux/wordsize-64/fxstat.c
fn=_fxstat
35 6 0 0 0 0 0 0 0 0
36 12 2 2 0 0 0 0 0 0
37 36 1 1 0 0 0 0 0 0
41 6 0 0 6 0 0 0 0 0
fl=/usr/src/debug/glibc-2.17-c758a686/io/../sysdeps/unix/sysv/linux/wordsize-64/xstat.c
fn=_xstat
35 8 0 0 0 0 0 0 0 0
36 16 1 1 0 0 0 0 0 0
37 72 0 0 6 0 0 6 0 0
41 2 0 0 2 0 0 0 0 0
fl=/usr/src/debug/glibc-2.17-c758a686/libio/../sysdeps/unix/sysv/linux/sys/sysmacros.h
fn=_IO_file_doallocate
46 6 0 0 0 0 0 0 0 0
fl=/usr/src/debug/glibc-2.17-c758a686/libio/filedoalloc.c
fn=_IO_file_doallocate
96 10 1 1 0 0 0 6 0 0
110 1 1 1 0 0 0 0 0 0
111 16 1 1 6 3 0 2 1 1
113 8 0 0 2 1 1 0 0 0
116 2 0 0 0 0 0 0 0 0
118 2 1 1 1 0 0 0 0 0
121 2 0 0 1 0 0 0 0 0
124 9 0 0 2 0 0 0 0 0
128 16 0 0 0 0 0 2 0 0
129 10 0 0 0 0 0 2 0 0
130 2 0 0 0 0 0 0 0 0
131 13 1 1 8 0 0 0 0 0
fl=/usr/src/debug/glibc-2.17-c758a686/libio/fileops.c
fn=_IO_do_write@@GLIBC_2.2.5
508 12 1 1 0 0 0 8 0 0
510 14 0 0 0 0 0 0 0 0
511 12 0 0 10 0 0 0 0 0
522 8 1 1 2 0 0 0 0 0
529 8 0 0 4 0 0 0 0 0
537 12 1 1 4 1 0 2 0 0
538 6 0 0 2 0 0 0 0 0
540 8 2 1 2 0 0 6 0 0
541 4 0 0 0 0 0 4 0 0
542 2 0 0 0 0 0 2 0 0
543 4 0 0 2 0 0 0 0 0
544 6 0 0 2 0 0 0 0 0
fn=_IO_file_fopen@@GLIBC_2.2.5
225 2 0 0 0 0 0 0 0 0
226 2 0 0 0 0 0 0 0 0
229 2 0 0 0 0 0 1 0 0
233 2 0 0 0 0 0 0 0 0
235 1 0 0 0 0 0 1 0 0
236 4 0 0 1 0 0 1 0 0
239 3 1 1 0 0 0 0 0 0
249 2 0 0 0 0 0 1 0 0
260 9 1 1 0 0 0 6 0 0
261 3 0 0 0 0 0 0 0 0
271 3 0 0 1 0 0 0 0 0
272 1 0 0 0 0 0 0 0 0
273 4 0 0 1 1 1 0 0 0
276 1 0 0 0 0 0 0 0 0
277 1 1 1 0 0 0 0 0 0
281 2 1 1 1 0 0 0 0 0
298 12 0 0 1 0 0 0 0 0
339 1 1 1 0 0 0 0 0 0
359 4 0 0 0 0 0 1 0 0
360 3 0 0 0 0 0 0 0 0
430 8 1 1 7 0 0 0 0 0
fn=_IO_file_init@@GLIBC_2.2.5
144 4 1 1 0 0 0 2 0 0
148 2 0 0 0 0 0 1 0 0
149 1 1 1 1 0 0 0 0 0
151 1 0 0 0 0 0 1 0 0
152 1 0 0 0 0 0 1 0 0
153 4 0 0 3 0 0 0 0 0
fn=_IO_file_overflow@@GLIBC_2.2.5
823 276 1 1 0 0 0 207 0 0
824 207 0 0 69 0 0 0 0 0
831 479 0 0 136 0 0 0 0 0
834 2 1 1 1 0 0 0 0 0
836 2 1 1 0 0 0 1 0 0
837 6 0 0 2 0 0 3 0 0
846 2 1 1 0 0 0 0 0 0
855 4 0 0 2 0 0 0 0 0
857 1 0 0 0 0 0 1 0 0
858 2 0 0 0 0 0 1 0 0
859 1 0 0 0 0 0 1 0 0
860 2 0 0 0 0 0 2 0 0
862 3 1 1 0 0 0 1 0 0
863 5 0 0 1 0 0 0 0 0
864 2 0 0 0 0 0 1 0 0
866 138 0 0 0 0 0 0 0 0
869 138 0 0 69 1 0 0 0 0
872 207 0 0 0 0 0 138 2 1
873 207 0 0 69 0 0 0 0 0
874 276 0 0 0 0 0 0 0 0
875 8 0 0 0 0 0 2 0 0
876 6 0 0 4 0 0 0 0 0
878 69 0 0 0 0 0 0 0 0
879 276 0 0 276 0 0 0 0 0
fn=_IO_file_read
1244 64 1 1 32 0 0 0 0 0
fn=_IO_file_stat
1262 2 1 1 0 0 0 0 0 0
1263 6 0 0 2 0 0 0 0 0
fn=_IO_file_underflow@@GLIBC_2.2.5
551 64 1 1 0 0 0 32 0 0
559 48 1 1 16 0 0 0 0 0
565 48 0 0 32 0 0 0 0 0
568 32 0 0 16 0 0 0 0 0
571 3 2 2 1 0 0 0 0 0
576 4 0 0 1 0 0 1 0 0
581 32 0 0 0 0 0 0 0 0
601 32 1 1 0 0 0 16 0 0
607 48 0 0 16 0 0 32 0 0
608 16 0 0 0 0 0 16 0 0
609 32 0 0 0 0 0 32 0 0
610 16 0 0 0 0 0 16 0 0
612 80 1 1 48 14 0 16 0 0
614 32 0 0 0 0 0 0 0 0
616 1 0 0 0 0 0 0 0 0
617 3 0 0 1 0 0 1 0 0
621 15 0 0 15 0 0 0 0 0
623 1 0 0 0 0 0 0 0 0
624 45 0 0 15 0 0 0 0 0
626 30 0 0 30 15 0 0 0 0
627 64 0 0 48 0 0 0 0 0
fn=_IO_file_write@@GLIBC_2.2.5
1294 14 0 0 0 0 0 8 2 1
1296 14 1 1 0 0 0 0 0 0
1300 6 0 0 2 0 0 0 0 0
1301 6 0 0 2 0 0 2 0 0
1302 4 0 0 0 0 0 0 0 0
1307 2 0 0 0 0 0 0 0 0
1308 2 0 0 0 0 0 0 0 0
1311 6 0 0 2 0 0 0 0 0
1314 18 1 1 10 0 0 0 0 0
fn=_IO_file_xsputn@@GLIBC_2.2.5
1321 1104 0 0 0 0 0 828 2 1
1327 276 0 0 0 0 0 0 0 0
1328 138 0 0 0 0 0 0 0 0
1396 1104 1 1 966 0 0 0 0 0
fl=/usr/src/debug/glibc-2.17-c758a686/libio/genops.c
fn=_IO_default_uflow
435 32 1 1 0 0 0 16 0 0
436 32 0 0 32 0 0 16 0 0
437 32 0 0 0 0 0 0 0 0
439 60 1 1 30 0 0 15 0 0
440 32 0 0 32 0 0 0 0 0
fn=_IO_doallocbuf
415 8 1 1 0 0 0 6 0 0
416 4 0 0 2 0 0 0 0 0
418 6 2 1 2 0 0 0 0 0
419 10 0 0 4 2 0 2 0 0
422 8 0 0 8 0 0 0 0 0
fn=_IO_link_in
100 8 1 1 0 0 0 4 0 0
101 6 1 1 2 0 0 0 0 0
103 2 0 0 0 0 0 1 0 0
105 6 0 0 1 0 0 2 0 0
106 13 2 2 5 2 1 2 0 0
107 1 0 0 0 0 0 1 0 0
108 18 1 1 10 0 0 1 0 0
110 2 1 1 1 1 0 1 0 0
111 1 0 0 0 0 0 1 0 0
112 1 0 0 1 0 0 0 0 0
114 15 2 2 5 0 0 2 0 0
115 1 0 0 0 0 0 1 0 0
116 9 1 1 2 0 0 2 0 0
117 2 0 0 0 0 0 0 0 0
120 8 0 0 6 0 0 0 0 0
fn=_IO_no_init
644 9 1 1 0 0 0 4 0 0
645 1 0 0 0 0 0 1 0 0
646 1 1 1 0 0 0 1 0 0
648 2 0 0 0 0 0 0 0 0
650 1 0 0 0 0 0 1 0 0
651 1 0 0 0 0 0 1 1 1
652 1 0 0 0 0 0 1 0 0
653 1 0 0 0 0 0 1 0 0
654 1 0 0 0 0 0 1 0 0
655 1 0 0 0 0 0 1 0 0
656 1 0 0 0 0 0 1 0 0
657 1 1 1 0 0 0 1 0 0
658 1 0 0 0 0 0 1 0 0
659 1 0 0 0 0 0 1 1 1
660 1 0 0 0 0 0 1 0 0
661 1 0 0 0 0 0 1 0 0
663 1 0 0 0 0 0 1 0 0
666 1 0 0 0 0 0 1 0 0
667 6 1 1 5 0 0 0 0 0
fn=_IO_old_init
611 2 0 0 0 0 0 1 0 0
612 1 0 0 0 0 0 1 0 0
613 1 0 0 0 0 0 1 1 1
614 1 0 0 0 0 0 1 0 0
615 1 0 0 0 0 0 1 0 0
616 1 0 0 0 0 0 1 0 0
617 1 0 0 0 0 0 1 0 0
618 1 1 1 0 0 0 1 0 0
619 1 0 0 0 0 0 1 0 0
620 1 0 0 0 0 0 1 0 0
621 1 0 0 0 0 0 1 0 0
623 1 0 0 0 0 0 1 0 0
624 1 0 0 0 0 0 1 0 0
625 1 0 0 0 0 0 1 0 0
626 1 0 0 0 0 0 1 0 0
627 2 2 2 0 0 0 1 0 0
632 3 0 0 1 0 0 0 0 0
633 4 0 0 1 0 0 3 1 1
fn=_IO_setb
400 10 1 1 0 0 0 4 0 0
401 8 0 0 4 0 0 0 0 0
403 2 0 0 0 0 0 2 0 0
404 2 0 0 0 0 0 2 0 0
406 12 0 0 0 0 0 2 0 0
409 8 0 0 6 0 0 0 0 0
fn=_IO_switch_to_get_mode
183 32 1 1 0 0 0 16 0 0
184 48 0 0 32 0 0 0 0 0
187 48 1 1 16 0 0 0 0 0
191 32 0 0 16 0 0 16 0 0
192 32 0 0 16 0 0 0 0 0
195 16 0 0 0 0 0 16 0 0
197 32 0 0 0 0 0 32 0 0
199 32 0 0 0 0 0 16 0 0
200 16 0 0 0 0 0 0 0 0
201 32 0 0 32 0 0 0 0 0
fn=__overflow
242 207 1 1 69 0 0 0 0 0
244 207 1 1 138 0 0 0 0 0
fn=__uflow
364 32 1 1 0 0 0 16 0 0
366 79 1 1 16 0 0 1 0 0
372 80 1 1 48 0 0 0 0 0
375 32 0 0 0 0 0 0 0 0
377 32 0 0 0 0 0 0 0 0
383 32 0 0 16 15 0 0 0 0
388 48 2 2 16 0 0 0 0 0
390 64 0 0 32 15 0 0 0 0
391 16 0 0 16 0 0 0 0 0
fl=/usr/src/debug/glibc-2.17-c758a686/libio/getc.c
fn=getc
36 240882 1 1 0 0 0 120441 0 0
39 1927056 1 1 1083969 4 0 120441 0 0
40 722662 2 2 361307 557 127 120441 12 0
43 361323 0 0 240882 0 0 0 0 0
fl=/usr/src/debug/glibc-2.17-c758a686/libio/iofopen.c
fn=__fopen_internal
65 8 1 1 0 0 0 4 0 0
73 3 1 1 0 0 0 1 0 0
75 2 0 0 0 0 0 0 0 0
78 2 0 0 0 0 0 1 1 1
81 6 0 0 0 0 0 1 0 0
85 2 1 1 0 0 0 1 0 0
86 2 0 0 0 0 0 1 0 0
90 7 0 0 0 0 0 1 0 0
91 2 0 0 0 0 0 0 0 0
96 5 0 0 4 0 0 0 0 0
fn=__fopen_maybe_mmap
40 1 0 0 0 0 0 0 0 0
42 2 1 1 1 0 0 0 0 0
57 1 0 0 1 0 0 0 0 0
fn=fopen@@GLIBC_2.2.5
103 2 1 1 0 0 0 0 0 0
fl=/usr/src/debug/glibc-2.17-c758a686/libio/libioP.h
fn=getc
889 240882 0 0 120441 0 0 0 0 0
890 963528 0 0 481764 0 0 120441 0 0
fl=/usr/src/debug/glibc-2.17-c758a686/malloc/arena.c
fn=malloc_hook_ini
385 3 0 0 1 1 1 0 0 0
fn=ptmalloc_init.part.7
346 123 0 0 41 6 0 0 0 0
348 80 0 0 40 19 0 0 0 0
349 8 0 0 4 0 0 0 0 0
350 6 0 0 3 0 0 0 0 0
364 40 0 0 0 0 0 0 0 0
383 6 1 1 0 0 0 5 0 0
386 1 0 0 0 0 0 1 0 0
394 2 0 0 1 0 0 0 0 0
395 7 1 1 0 0 0 1 0 0
396 4 1 1 2 1 0 0 0 0
401 3 1 1 1 1 0 1 1 0
403 5 0 0 2 1 0 0 0 0
419 2 0 0 0 0 0 0 0 0
464 2 1 1 0 0 0 0 0 0
469 2 0 0 2 2 1 0 0 0
470 2 0 0 0 0 0 0 0 0
472 1 0 0 0 0 0 1 1 0
473 7 0 0 6 1 0 0 0 0
fn=realloc_hook_ini
385 4 1 1 1 0 0 0 0 0
fl=/usr/src/debug/glibc-2.17-c758a686/malloc/hooks.c
fn=malloc_hook_ini
29 4 1 1 1 0 0 2 0 0
30 2 1 1 1 0 0 1 0 0
32 1 0 0 0 0 0 0 0 0
33 1 0 0 0 0 0 0 0 0
fn=realloc_hook_ini
37 9 0 0 0 0 0 6 0 0
38 2 0 0 1 0 0 1 0 0
39 2 0 0 1 0 0 1 0 0
42 9 0 0 7 0 0 0 0 0
fl=/usr/src/debug/glibc-2.17-c758a686/malloc/malloc.c
fn=_int_free
1907 1600068 0 0 533356 0 0 0 0 0
3819 5333560 1 1 0 0 0 3200136 11 0
3830 15 0 0 0 0 0 0 0 0
3832 1600068 1 1 533356 5 0 0 0 0
3838 2133424 0 0 0 0 0 0 0 0
3839 1066712 0 0 0 0 0 0 0 0
3852 2133424 0 0 0 0 0 0 0 0
3865 1066712 0 0 533356 112 0 0 0 0
3876 2133364 1 1 533341 119329 0 0 0 0
3877 1600023 0 0 533341 193 0 0 0 0
3901 533341 0 0 0 0 0 0 0 0
3903 1600023 0 0 1066682 36 0 0 0 0
3904 1066682 1 1 0 0 0 0 0 0
3905 1066682 0 0 0 0 0 0 0 0
3908 533341 0 0 533341 84 0 0 0 0
3909 1600023 0 0 0 0 0 0 0 0
3914 1600023 0 0 0 0 0 0 0 0
3923 2030996 0 0 0 0 0 0 0 0
3925 533341 0 0 0 0 0 533341 4 0
3927 3200046 0 0 1066682 0 0 0 0 0
3929 2030996 0 0 0 0 0 0 0 0
3940 30 1 1 0 0 0 0 0 0
3941 30 0 0 0 0 0 0 0 0
3950 24 2 2 8 0 0 0 0 0
3952 8 0 0 0 0 0 0 0 0
3955 15 0 0 0 0 0 0 0 0
3959 45 0 0 15 6 0 0 0 0
3965 60 1 1 15 6 0 0 0 0
3967 45 1 1 15 7 0 0 0 0
3973 45 1 1 15 0 0 0 0 0
3979 30 0 0 0 0 0 0 0 0
3980 30 0 0 0 0 0 0 0 0
3981 30 0 0 15 5 0 0 0 0
3990 30 0 0 15 0 0 0 0 0
3997 30 1 1 15 0 0 0 0 0
4002 28 0 0 14 1 0 0 0 0
4006 14 0 0 14 0 0 0 0 0
4014 14 0 0 0 0 0 0 0 0
4015 14 0 0 14 4 0 0 0 0
4016 28 0 0 14 0 0 0 0 0
4021 14 0 0 0 0 0 14 1 0
4022 14 0 0 0 0 0 14 0 0
4023 28 0 0 0 0 0 0 0 0
4025 7 0 0 0 0 0 7 0 0
4026 7 0 0 0 0 0 7 0 0
4028 14 0 0 0 0 0 14 0 0
4029 14 0 0 0 0 0 14 0 0
4031 42 0 0 0 0 0 14 0 0
4032 14 0 0 0 0 0 14 0 0
4043 1 1 1 0 0 0 0 0 0
4044 3 0 0 0 0 0 1 0 0
4045 2 0 0 0 0 0 1 0 0
4062 30 1 1 0 0 0 0 0 0
4063 4 0 0 2 0 0 0 0 0
4066 6 1 1 0 0 0 0 0 0
4068 10 1 1 6 2 0 0 0 0
4070 5 0 0 1 0 0 1 1 0
4082 30 0 0 0 0 0 0 0 0
4084 16 0 0 8 0 0 0 0 0
4094 4266848 1 1 3733492 0 0 0 0 0
fn=_int_malloc
1900 1817988 2 2 574336 16 0 0 0 0
3319 5168898 0 0 0 0 0 3445932 16 0
3349 4594576 2 2 0 0 0 0 0 0
3353 1148644 0 0 0 0 0 0 0 0
3367 1148644 0 0 574322 16 1 0 0 0
3368 1722861 0 0 0 0 0 0 0 0
3369 1722861 1 1 0 0 0 0 0 0
3370 574287 0 0 574287 216 0 0 0 0
3374 1148574 0 0 0 0 0 0 0 0
3377 3107274 0 0 1553637 51810 0 0 0 0
3378 1553637 0 0 0 0 0 0 0 0
3380 2589395 1 1 517879 7581 0 0 0 0
3404 112886 1 1 0 0 0 0 0 0
3405 112868 0 0 0 0 0 0 0 0
3406 112868 0 0 0 0 0 0 0 0
3408 169302 1 1 56434 203 1 0 0 0
3409 14820 0 0 0 0 0 0 0 0
3410 7 1 1 2 0 0 3 0 0
3412 7409 0 0 7409 60 0 0 0 0
3413 14818 0 0 7409 7273 0 0 0 0
3418 7409 0 0 7409 2725 0 0 0 0
3419 7409 0 0 0 0 0 7409 0 0
3420 7409 0 0 0 0 0 7409 0 0
3422 22227 0 0 0 0 0 0 0 0
3444 153 3 3 0 0 0 0 0 0
3445 18 0 0 9 0 0 0 0 0
3446 48 0 0 16 0 0 24 6 0
3465 270975 1 1 57629 20 0 0 0 0
3466 17918 0 0 17918 13 0 0 0 0
3467 53754 0 0 17918 1317 0 0 0 0
3468 35836 1 1 17918 18 0 0 0 0
3475 17918 0 0 0 0 0 0 0 0
3485 67510 0 0 0 0 0 0 0 0
3486 19124 0 0 0 0 0 0 0 0
3487 28638 1 1 9562 0 0 0 0 0
3488 9538 0 0 0 0 0 0 0 0
3491 8927 0 0 0 0 0 0 0 0
3492 17854 0 0 0 0 0 0 0 0
3493 17854 1 1 0 0 0 17854 0 0
3494 17854 0 0 0 0 0 8927 0 0
3495 17854 0 0 0 0 0 17854 3087 0
3496 26781 0 0 0 0 0 0 0 0
3498 8080 0 0 0 0 0 8080 1551 0
3499 8080 0 0 0 0 0 8080 0 0
3502 71416 0 0 0 0 0 8927 0 0
3504 26781 0 0 0 0 0 8927 125 0
3505 8927 0 0 0 0 0 8927 16 0
3508 8927 0 0 0 0 0 0 0 0
3514 8991 0 0 0 0 0 8991 0 0
3515 8991 0 0 0 0 0 8991 7956 0
3519 17982 0 0 0 0 0 0 0 0
3520 812 0 0 406 21 0 0 0 0
3521 1624 0 0 0 0 0 0 0 0
3531 17170 0 0 0 0 0 0 0 0
3532 25683 0 0 0 0 0 0 0 0
3533 51366 0 0 0 0 0 0 0 0
3534 17146 0 0 8561 23 0 0 0 0
3537 377 2 2 0 0 0 0 0 0
3538 24 0 0 0 0 0 0 0 0
3539 24 0 0 24 20 0 0 0 0
3542 48 0 0 0 0 0 0 0 0
3544 2 1 1 0 0 0 0 0 0
3547 6 0 0 4 0 0 0 0 0
3551 1 0 0 0 0 0 1 0 0
3552 2 0 0 1 0 0 1 0 0
3553 3 0 0 0 0 0 2 0 0
3557 3 0 0 1 0 0 0 0 0
3563 2 0 0 0 0 0 0 0 0
3565 2 0 0 1 0 0 0 0 0
3573 2 0 0 1 0 0 0 0 0
3576 88 1 1 0 0 0 44 1 0
3579 8585 0 0 8585 46 0 0 0 0
3580 8585 0 0 0 0 0 8585 0 0
3581 8585 0 0 0 0 0 8585 0 0
3582 8585 0 0 0 0 0 8585 81 0
3583 8585 0 0 0 0 0 8585 0 0
3586 17170 0 0 0 0 0 0 0 0
3595 79422 1 1 0 0 0 0 0 0
3596 18 1 1 0 0 0 0 0 0
3599 27 0 0 9 9 0 0 0 0
3665 39711 0 0 0 0 0 0 0 0
3666 79422 0 0 0 0 0 0 0 0
3667 79422 0 0 0 0 0 0 0 0
3668 79422 1 1 39711 290 0 0 0 0
3669 79422 0 0 0 0 0 0 0 0
3674 159304 0 0 0 0 0 0 0 0
3676 308914 0 0 0 0 0 0 0 0
3678 424846 1 1 115811 2 0 0 0 0
3680 52 0 0 0 0 0 0 0 0
3681 104 0 0 0 0 0 0 0 0
3685 6690 1 1 0 0 0 0 0 0
3686 2106 0 0 0 0 0 0 0 0
3687 2106 0 0 0 0 0 0 0 0
3692 1239 0 0 1239 53 0 0 0 0
3695 2478 0 0 0 0 0 0 0 0
3696 575 0 0 0 0 0 115 0 0
3697 115 0 0 0 0 0 0 0 0
3698 115 0 0 0 0 0 0 0 0
3702 4496 1 1 1124 383 0 1124 3 0
3707 2248 0 0 0 0 0 0 0 0
3710 12712 3 3 4658 1024 0 2294 0 0
3713 2248 0 0 0 0 0 0 0 0
3714 1020 0 0 1020 412 0 0 0 0
3715 2040 0 0 0 0 0 0 0 0
3721 614 0 0 0 0 0 0 0 0
3726 614 1 1 614 0 0 0 0 0
3727 1228 0 0 614 0 0 0 0 0
3732 614 0 0 0 0 0 614 378 0
3733 614 1 1 0 0 0 614 0 0
3734 614 0 0 0 0 0 614 0 0
3735 614 0 0 0 0 0 614 0 0
3738 1228 0 0 0 0 0 0 0 0
3739 614 0 0 0 0 0 614 0 0
3740 1228 0 0 0 0 0 0 0 0
3742 23 0 0 0 0 0 23 6 0
3743 23 0 0 0 0 0 23 0 0
3745 4912 0 0 0 0 0 614 0 0
3747 1842 0 0 0 0 0 614 47 0
3748 1228 0 0 0 0 0 614 237 0
3751 526818 0 0 0 0 0 0 0 0
3753 526818 0 0 0 0 0 0 0 0
3755 115 0 0 0 0 0 0 0 0
3773 38587 0 0 38587 17 0 0 0 0
3774 77174 0 0 38587 215 0 0 0 0
3776 115761 0 0 0 0 0 0 0 0
3777 38563 0 0 0 0 0 0 0 0
3778 77126 0 0 0 0 0 0 0 0
3779 38563 0 0 0 0 0 38563 0 0
3780 308504 0 0 0 0 0 38563 0 0
3782 77126 1 1 0 0 0 38563 21738 21069
3785 38563 0 0 0 0 0 0 0 0
3792 48 1 1 24 5 0 0 0 0
3793 20 0 0 0 0 0 10 2 0
3795 20 0 0 0 0 0 0 0 0
3796 196146 2 2 10 2 0 49034 0 0
3798 1225850 1 1 0 0 0 490340 600 0
3805 70 1 1 0 0 0 28 5 0
3806 28 0 0 0 0 0 0 0 0
3811 4594576 1 1 4020254 25 0 0 0 0
5019 196136 1 1 0 0 0 98068 0 0
5021 147102 0 0 49034 0 0 49034 291 0
fn=_int_realloc
4215 198 1 1 0 0 0 132 3 0
4236 88 0 0 22 0 0 0 0 0
4237 66 1 1 22 5 0 0 0 0
4252 44 0 0 0 0 0 0 0 0
4253 66 0 0 22 7 0 0 0 0
4254 44 0 0 0 0 0 0 0 0
4255 44 0 0 0 0 0 0 0 0
4261 44 0 0 0 0 0 0 0 0
4269 66 0 0 22 4 0 0 0 0
4270 11 0 0 0 0 0 0 0 0
4271 11 1 1 0 0 0 0 0 0
4272 90 2 2 0 0 0 10 0 0
4273 20 0 0 0 0 0 10 0 0
4274 30 0 0 0 0 0 10 10 10
4276 20 0 0 0 0 0 0 0 0
4280 22 1 1 11 2 0 0 0 0
4290 48 1 1 0 0 0 12 0 0
4291 24 0 0 0 0 0 0 0 0
4294 12 0 0 0 0 0 0 0 0
4295 12 0 0 12 0 0 0 0 0
4300 24 0 0 0 0 0 0 0 0
4311 12 0 0 0 0 0 0 0 0
4312 12 1 1 0 0 0 0 0 0
4314 24 0 0 0 0 0 0 0 0
4317 24 0 0 0 0 0 0 0 0
4318 36 0 0 0 0 0 12 0 0
4338 48 1 1 0 0 0 12 0 0
4340 12 0 0 0 0 0 0 0 0
4367 176 0 0 154 6 0 0 0 0
fn=free
2837 138 0 0 138 0 0 0 0 0
2922 1066964 2 1 1066964 328 0 0 0 0
2923 1066964 0 0 0 0 0 0 0 0
2928 1066964 0 0 0 0 0 0 0 0
2931 533344 0 0 0 0 0 0 0 0
2933 1600032 0 0 533344 65942 0 0 0 0
2949 1600032 0 0 0 0 0 0 0 0
2950 1600032 1 1 0 0 0 0 0 0
fn=malloc
2886 2297244 1 1 0 0 0 1148622 1 0
2891 1148622 0 0 1148622 71 0 0 0 0
2892 1148622 0 0 0 0 0 0 0 0
2893 2 1 1 1 0 0 0 0 0
2895 7466030 1 1 2871550 441 0 0 0 0
2897 2297240 1 1 0 0 0 574310 0 0
2900 2297240 0 0 0 0 0 0 0 0
2906 1148620 0 0 0 0 0 0 0 0
2907 2297240 0 0 1148620 32 0 0 0 0
2912 2871553 0 0 1722933 12 0 0 0 0
fn=malloc_consolidate
1827 254 0 0 0 0 0 0 0 0
1829 381 1 1 0 0 0 254 31 31
1833 3 0 0 0 0 0 0 0 0
1837 3 1 1 1 0 0 1 0 0
1838 2 0 0 0 0 0 1 0 0
1840 1 0 0 0 0 0 1 1 1
4111 152 1 1 0 0 0 114 17 0
4133 41 0 0 19 0 0 0 0 0
4134 54 1 1 36 1 0 0 0 0
4136 18 0 0 0 0 0 0 0 0
4146 36 0 0 0 0 0 18 7 0
4147 18 0 0 0 0 0 0 0 0
4149 360 0 0 360 12 0 0 0 0
4150 506 0 0 0 0 0 0 0 0
4153 11367 0 0 11367 1704 0 0 0 0
4156 34101 1 1 11367 8022 0 0 0 0
4157 11367 0 0 0 0 0 0 0 0
4158 22734 1 1 11367 3639 0 0 0 0
4160 22734 0 0 0 0 0 0 0 0
4161 2623 0 0 2623 0 0 0 0 0
4162 2623 0 0 0 0 0 0 0 0
4163 2623 0 0 0 0 0 0 0 0
4164 30259 0 0 14458 286 0 5246 0 0
4167 22734 1 1 11367 0 0 0 0 0
4170 22732 0 0 11366 6336 0 0 0 0
4171 432 0 0 0 0 0 0 0 0
4172 4335 0 0 2165 491 0 864 0 0
4174 21868 0 0 10934 0 0 0 0 0
4176 11366 1 1 11366 0 0 0 0 0
4177 11366 0 0 0 0 0 11366 0 0
4178 11366 0 0 0 0 0 11366 0 0
4180 22732 0 0 0 0 0 0 0 0
4181 1362 0 0 0 0 0 1362 3 0
4182 1362 0 0 0 0 0 1362 0 0
4185 34098 0 0 0 0 0 11366 0 0
4186 11366 0 0 0 0 0 11366 0 0
4187 11366 0 0 0 0 0 11366 0 0
4188 11366 0 0 0 0 0 11366 0 0
4192 1 0 0 0 0 0 0 0 0
4193 2 0 0 0 0 0 1 0 0
4194 1 0 0 0 0 0 1 0 0
4197 34067 0 0 0 0 0 0 0 0
4200 720 0 0 180 14 0 0 0 0
4206 153 1 1 133 22 0 0 0 0
5019 90 1 1 0 0 0 36 8 0
5021 36 0 0 18 0 0 18 18 0
fn=realloc
2846 6 0 0 4 4 0 0 0 0
2847 2 0 0 2 0 0 0 0 0
2855 10 0 0 0 0 0 0 0 0
2858 6 0 0 0 0 0 0 0 0
2861 20 1 1 0 0 0 8 1 0
2864 8 0 0 4 0 0 0 0 0
2866 2 0 0 0 0 0 0 0 0
2871 8 0 0 0 0 0 2 0 0
2873 4 0 0 2 0 0 0 0 0
2874 4 0 0 2 2 0 2 0 0
2875 4 0 0 2 0 0 0 0 0
2876 2 2 2 0 0 0 1 0 0
2956 216 1 1 0 0 0 144 0 0
2963 48 0 0 48 29 0 0 0 0
2964 48 1 1 0 0 0 0 0 0
2965 2 1 1 1 0 0 0 0 0
2968 92 1 1 0 0 0 0 0 0
2972 46 0 0 0 0 0 0 0 0
2975 23 0 0 0 0 0 0 0 0
2977 69 0 0 23 5 0 0 0 0
2979 69 0 0 0 0 0 0 0 0
2980 25 1 1 0 0 0 21 0 0
2982 63 1 1 0 0 0 0 0 0
2988 92 0 0 0 0 0 0 0 0
2989 46 0 0 0 0 0 0 0 0
2996 184 1 1 0 0 0 0 0 0
2998 46 0 0 0 0 0 0 0 0
3004 2 0 0 0 0 0 0 0 0
3024 126 0 0 42 3 0 0 0 0
3028 147 1 1 0 0 0 42 3 0
3030 84 0 0 42 6 0 0 0 0
3034 84 1 1 42 6 0 0 0 0
3047 214 1 1 167 6 0 0 0 0
fn=realloc_hook_ini
2964 2 0 0 0 0 0 0 0 0
2968 4 1 1 0 0 0 0 0 0
2972 2 0 0 0 0 0 0 0 0
2975 1 0 0 0 0 0 0 0 0
2977 3 0 0 1 0 0 0 0 0
2979 3 1 1 0 0 0 0 0 0
2980 1 1 1 0 0 0 1 0 0
2982 3 0 0 0 0 0 0 0 0
2988 4 0 0 0 0 0 0 0 0
2989 2 0 0 0 0 0 0 0 0
2996 8 1 1 0 0 0 0 0 0
2998 2 0 0 0 0 0 0 0 0
3024 6 1 1 2 0 0 0 0 0
3028 7 0 0 0 0 0 2 0 0
3030 4 1 1 2 0 0 0 0 0
3034 4 0 0 2 0 0 0 0 0
fn=sysmalloc
2278 126 1 1 0 0 0 84 9 0
2299 42 0 0 28 28 0 0 0 0
2310 28 0 0 0 0 0 0 0 0
2311 40 0 0 14 14 1 12 9 0
2312 6 0 0 4 2 0 0 0 0
2326 8 0 0 0 0 0 0 0 0
2332 4 0 0 0 0 0 0 0 0
2334 16 1 1 0 0 0 4 3 0
2336 6 0 0 2 0 0 0 0 0
2365 6 1 1 0 0 0 2 2 2
2370 10 0 0 4 0 0 2 0 0
2371 4 1 1 0 0 0 2 0 0
2373 4 0 0 2 0 0 2 0 0
2374 4 0 0 2 0 0 0 0 0
2375 4 0 0 0 0 0 2 0 0
2390 12 1 1 12 0 0 0 0 0
2391 24 0 0 12 0 0 0 0 0
2392 12 0 0 0 0 0 0 0 0
2410 36 0 0 0 0 0 0 0 0
2461 84 1 1 24 0 0 0 0 0
2480 60 0 0 0 0 0 0 0 0
2488 24 0 0 0 0 0 0 0 0
2489 84 2 2 24 23 0 48 8 0
2490 24 0 0 12 0 0 0 0 0
2493 48 0 0 24 0 0 0 0 0
2495 24 0 0 24 10 1 0 0 0
2496 24 1 1 0 0 0 0 0 0
2514 24 0 0 0 0 0 0 0 0
2539 24 0 0 12 12 1 0 0 0
2540 5 1 1 0 0 0 2 0 0
2541 36 0 0 12 0 0 12 0 0
2547 46 0 0 0 0 0 0 0 0
2548 55 0 0 11 0 0 11 0 0
2550 8 1 1 1 0 0 0 0 0
2592 3 1 1 0 0 0 0 0 0
2611 1 0 0 0 0 0 0 0 0
2614 2 0 0 0 0 0 0 0 0
2615 5 0 0 0 0 0 1 0 0
2618 3 1 1 2 0 0 1 0 0
2630 3 0 0 1 0 0 0 0 0
2635 2 0 0 2 0 0 0 0 0
2636 4 0 0 2 0 0 0 0 0
2670 1 0 0 0 0 0 1 0 0
2671 4 1 1 0 0 0 1 1 1
2672 3 0 0 0 0 0 1 0 0
2683 2 0 0 0 0 0 0 0 0
2716 24 1 1 12 0 0 0 0 0
2717 24 2 2 0 0 0 12 0 0
2722 24 0 0 12 0 0 0 0 0
2725 36 0 0 0 0 0 0 0 0
2726 12 0 0 0 0 0 0 0 0
2727 12 0 0 0 0 0 0 0 0
2728 12 0 0 0 0 0 12 0 0
2729 84 0 0 0 0 0 12 0 0
2730 24 0 0 0 0 0 12 8 8
2732 14 0 0 0 0 0 0 0 0
2738 112 0 0 98 0 0 0 0 0
fn=systrim.isra.2
2750 8 1 1 0 0 0 6 1 0
2759 1 0 0 1 1 0 0 0 0
2760 3 0 0 2 0 0 0 0 0
2763 4 1 1 1 1 0 0 0 0
2765 2 0 0 0 0 0 0 0 0
2806 1 0 0 0 0 0 0 0 0
2807 8 0 0 7 0 0 0 0 0
fl=/usr/src/debug/glibc-2.17-c758a686/malloc/morecore.c
fn=__default_morecore
47 13 1 1 0 0 0 0 0 0
48 13 0 0 0 0 0 13 1 0
50 39 0 0 0 0 0 0 0 0
52 39 0 0 13 0 0 0 0 0
fl=/usr/src/debug/glibc-2.17-c758a686/math/../sysdeps/x86_64/fpu/multiarch/e_asin.c
fn=__acos_finite
10 5 1 1 3 0 0 0 0 0
fn=__asin_finite
16 5 1 1 3 0 0 0 0 0
fl=/usr/src/debug/glibc-2.17-c758a686/math/../sysdeps/x86_64/fpu/multiarch/e_exp.c
fn=__exp_finite
15 8 1 1 3 0 0 0 0 0
fl=/usr/src/debug/glibc-2.17-c758a686/math/../sysdeps/x86_64/fpu/multiarch/e_pow.c
fn=__pow_finite
8 5 1 1 3 0 0 0 0 0
fl=/usr/src/debug/glibc-2.17-c758a686/math/../sysdeps/x86_64/fpu/multiarch/s_sin.c
fn=cos
20 8 1 1 3 0 0 0 0 0
fl=/usr/src/debug/glibc-2.17-c758a686/misc/../sysdeps/unix/sysv/linux/wordsize-64/mmap.c
fn=mmap
32 150 2 2 0 0 0 90 5 4
33 88 3 3 3 0 0 0 0 0
34 150 0 0 0 0 0 0 0 0
36 105 0 0 105 0 0 0 0 0
fl=/usr/src/debug/glibc-2.17-c758a686/misc/../sysdeps/unix/sysv/linux/x86_64/brk.c
fn=brk
28 25 0 0 0 0 0 0 0 0
31 200 2 2 25 0 0 25 0 0
33 50 0 0 0 0 0 0 0 0
39 25 0 0 0 0 0 0 0 0
40 25 0 0 25 0 0 0 0 0
fl=/usr/src/debug/glibc-2.17-c758a686/misc/init-misc.c
fn=__init_misc
30 4 1 1 0 0 0 2 0 0
31 5 0 0 1 0 0 0 0 0
33 3 0 0 0 0 0 1 0 0
37 5 1 1 1 1 0 1 1 0
38 3 0 0 2 0 0 1 0 0
40 4 0 0 3 0 0 0 0 0
fl=/usr/src/debug/glibc-2.17-c758a686/misc/sbrk.c
fn=sbrk
34 52 1 1 0 0 0 39 0 0
42 88 0 0 38 36 1 0 0 0
43 78 1 1 13 0 0 13 0 0
46 26 0 0 0 0 0 0 0 0
50 48 0 0 0 0 0 0 0 0
53 36 0 0 0 0 0 12 0 0
57 65 0 0 52 0 0 0 0 0
fl=/usr/src/debug/glibc-2.17-c758a686/setjmp/sigjmp.c
fn=__sigjmp_save
28 2 0 0 0 0 0 1 0 0
29 4 1 1 0 0 0 1 0 0
34 3 0 0 2 0 0 0 0 0
fl=/usr/src/debug/glibc-2.17-c758a686/stdio-common/printf-parse.h
fn=vfprintf
109 621 0 0 0 0 0 345 2 1
fl=/usr/src/debug/glibc-2.17-c758a686/stdio-common/printf.c
fn=printf
29 621 2 2 0 0 0 345 0 0
33 414 1 1 0 0 0 276 0 0
34 276 1 1 138 7 0 69 0 0
38 138 0 0 69 0 0 0 0 0
fl=/usr/src/debug/glibc-2.17-c758a686/stdio-common/vfprintf.c
fn=vfprintf
222 759 1 1 0 0 0 414 0 0
227 69 0 0 0 0 0 69 0 0
257 207 0 0 138 4 0 69 2 1
261 69 0 0 0 0 0 69 2 1
264 69 1 1 0 0 0 69 0 0
270 69 0 0 0 0 0 69 0 0
1271 344 1 1 69 2 0 1 0 0
1275 345 0 0 69 2 1 0 0 0
1286 138 0 0 0 0 0 0 0 0
1293 69 0 0 0 0 0 69 0 0
1297 414 1 1 207 0 0 207 2 1
1301 69 0 0 0 0 0 69 0 0
1308 69 0 0 0 0 0 69 2 1
1312 690 2 2 138 3 0 276 2 1
1313 1035 1 1 552 4 0 69 0 0
1316 897 2 2 207 2 0 207 0 0
1320 207 2 1 138 0 0 0 0 0
1324 483 0 0 207 13 0 0 0 0
1351 69 0 0 0 0 0 69 0 0
1352 69 0 0 0 0 0 69 0 0
1353 69 0 0 0 0 0 69 0 0
1354 69 1 1 0 0 0 69 2 1
1355 69 0 0 0 0 0 69 0 0
1356 69 0 0 0 0 0 69 0 0
1357 69 0 0 0 0 0 69 0 0
1358 69 0 0 0 0 0 69 0 0
1359 69 0 0 0 0 0 69 0 0
1360 69 0 0 0 0 0 69 0 0
1361 69 1 1 0 0 0 69 0 0
1364 69 0 0 0 0 0 69 0 0
1365 69 0 0 0 0 0 69 0 0
1368 69 0 0 0 0 0 0 0 0
1369 69 0 0 0 0 0 0 0 0
1372 1173 2 2 276 13 2 138 0 0
1533 207 0 0 0 0 0 69 0 0
1554 138 0 0 0 0 0 69 2 1
1635 2139 6 6 759 0 0 207 0 0
1654 138 1 1 0 0 0 0 0 0
1656 69 0 0 0 0 0 0 0 0
1662 276 1 1 69 0 0 138 0 0
1666 1380 2 2 345 0 0 138 0 0
1668 138 0 0 69 0 0 0 0 0
2056 138 1 1 69 0 0 0 0 0
2058 138 1 1 69 0 0 69 0 0
2059 138 0 0 0 0 0 69 0 0
2061 690 1 1 345 0 0 69 0 0
2062 207 0 0 69 0 0 0 0 0
2064 69 0 0 69 0 0 0 0 0
2065 552 0 0 483 0 0 0 0 0
fl=/usr/src/debug/glibc-2.17-c758a686/stdlib/bsearch.c
fn=bsearch
26 96 2 2 0 0 0 64 1 1
31 8 0 0 0 0 0 0 0 0
33 124 0 0 0 0 0 0 0 0
35 108 0 0 0 0 0 0 0 0
36 162 1 1 54 0 0 0 0 0
37 162 0 0 54 0 0 54 0 0
38 108 0 0 0 0 0 0 0 0
39 46 0 0 0 0 0 0 0 0
40 8 0 0 0 0 0 0 0 0
41 8 0 0 0 0 0 0 0 0
46 8 0 0 0 0 0 0 0 0
47 64 0 0 56 0 0 0 0 0
fl=/usr/src/debug/glibc-2.17-c758a686/stdlib/cxa_atexit.c
fn=__cxa_atexit
34 2 1 1 0 0 0 1 0 0
36 2 0 0 0 0 0 0 0 0
40 3 0 0 1 0 0 0 0 0
42 1 0 0 0 0 0 1 0 0
43 1 0 0 0 0 0 1 0 0
44 1 0 0 0 0 0 1 0 0
46 1 0 0 0 0 0 1 0 0
47 1 0 0 0 0 0 0 0 0
56 6 1 1 0 0 0 3 0 0
58 4 0 0 4 0 0 0 0 0
fn=__new_exitfn
72 4 1 1 0 0 0 2 0 0
73 2 0 0 0 0 0 0 0 0
78 6 1 1 2 2 2 0 0 0
80 7 1 1 2 1 0 0 0 0
82 3 0 0 1 1 0 0 0 0
90 1 0 0 0 0 0 1 0 0
97 2 1 1 0 0 0 0 0 0
111 1 0 0 0 0 0 0 0 0
112 2 0 0 0 0 0 1 0 0
125 1 1 1 0 0 0 1 0 0
126 1 0 0 1 1 1 0 0 0
129 4 0 0 2 0 0 0 0 0
132 5 0 0 3 0 0 0 0 0
fl=/usr/src/debug/glibc-2.17-c758a686/string/../string/memcmp.c
fn=bcmp
109 10 0 0 10 0 0 0 0 0
110 20 0 0 10 0 0 0 0 0
114 22 0 0 0 0 0 0 0 0
115 6 0 0 0 0 0 0 0 0
133 14 1 1 0 0 0 0 0 0
137 2 1 1 2 2 2 0 0 0
138 2 0 0 2 0 0 0 0 0
139 2 0 0 0 0 0 0 0 0
140 2 0 0 0 0 0 0 0 0
141 2 1 1 0 0 0 0 0 0
187 2 0 0 2 0 0 0 0 0
188 2 0 0 2 0 0 0 0 0
189 16 0 0 0 0 0 4 0 0
225 3 0 0 0 0 0 0 0 0
226 6 0 0 0 0 0 0 0 0
230 6 0 0 0 0 0 0 0 0
232 21 1 1 0 0 0 0 0 0
236 3 0 0 3 0 0 0 0 0
237 3 0 0 3 0 0 0 0 0
238 3 1 1 3 0 0 0 0 0
239 3 0 0 0 0 0 0 0 0
240 3 0 0 0 0 0 0 0 0
241 3 0 0 0 0 0 0 0 0
293 3 0 0 3 1 1 0 0 0
294 3 0 0 3 0 0 0 0 0
295 18 0 0 0 0 0 0 0 0
296 6 0 0 0 0 0 0 0 0
303 6 1 1 0 0 0 0 0 0
308 18 1 1 0 0 0 0 0 0
309 6 0 0 0 0 0 0 0 0
319 119 2 2 0 0 0 102 1 1
322 17 0 0 0 0 0 0 0 0
323 17 0 0 0 0 0 0 0 0
326 34 0 0 0 0 0 0 0 0
330 21 0 0 0 0 0 0 0 0
332 2 0 0 2 1 1 0 0 0
333 2 0 0 2 0 0 0 0 0
334 2 0 0 0 0 0 0 0 0
335 2 0 0 0 0 0 0 0 0
337 4 0 0 0 0 0 0 0 0
339 2 1 1 0 0 0 0 0 0
346 15 0 0 0 0 0 0 0 0
347 10 0 0 0 0 0 0 0 0
350 4 0 0 0 0 0 0 0 0
354 9 1 1 0 0 0 0 0 0
355 3 0 0 0 0 0 0 0 0
356 3 0 0 0 0 0 0 0 0
360 212 1 1 0 0 0 0 0 0
362 94 0 0 94 2 2 0 0 0
363 94 0 0 94 5 5 0 0 0
364 94 0 0 0 0 0 0 0 0
367 305 0 0 0 0 0 0 0 0
372 12 1 1 0 0 0 0 0 0
373 136 0 0 119 0 0 0 0 0
fl=/usr/src/debug/glibc-2.17-c758a686/string/../string/strstr.c
fn=__GI_strstr
53 8 1 1 0 0 0 6 0 0
58 2 0 0 0 0 0 0 0 0
63 4 1 1 1 0 0 0 0 0
65 2 1 1 1 1 1 0 0 0
66 1 1 1 0 0 0 0 0 0
89 8 0 0 7 0 0 0 0 0
fl=/usr/src/debug/glibc-2.17-c758a686/string/../sysdeps/x86_64/cacheinfo.c
fn=handle_intel.isra.0
262 16 1 1 0 0 0 12 0 0
269 6 0 0 0 0 0 2 0 0
271 2 0 0 0 0 0 2 0 0
272 4 1 1 0 0 0 2 0 0
274 2 0 0 0 0 0 0 0 0
280 8 1 1 0 0 0 2 0 0
285 4 0 0 0 0 0 0 0 0
287 6 0 0 0 0 0 2 0 0
288 2 0 0 0 0 0 0 0 0
292 10 0 0 0 0 0 2 0 0
293 4 0 0 0 0 0 0 0 0
296 10 0 0 0 0 0 2 0 0
297 4 0 0 0 0 0 0 0 0
314 16 1 1 14 0 0 0 0 0
fn=init_cacheinfo
478 5 1 1 0 0 0 5 0 0
490 4 0 0 2 0 0 0 0 0
492 3 2 2 0 0 0 1 0 0
495 1 0 0 0 0 0 0 0 0
496 3 0 0 0 0 0 1 0 0
498 2 0 0 0 0 0 0 0 0
507 3 0 0 1 0 0 0 0 0
509 1 0 0 1 0 0 0 0 0
510 1 0 0 1 0 0 0 0 0
512 1 0 0 0 0 0 0 0 0
517 21 1 1 0 0 0 0 0 0
523 8 0 0 0 0 0 0 0 0
526 16 0 0 0 0 0 0 0 0
528 1 1 1 0 0 0 0 0 0
534 5 1 1 0 0 0 0 0 0
541 9 0 0 0 0 0 0 0 0
543 2 0 0 0 0 0 0 0 0
545 8 0 0 0 0 0 0 0 0
547 4 0 0 0 0 0 0 0 0
552 1 1 1 0 0 0 0 0 0
554 4 0 0 0 0 0 0 0 0
555 2 0 0 0 0 0 0 0 0
556 1 0 0 0 0 0 0 0 0
560 2 0 0 0 0 0 0 0 0
561 4 1 1 0 0 0 0 0 0
592 4 0 0 0 0 0 0 0 0
593 6 0 0 0 0 0 0 0 0
648 2 1 1 0 0 0 0 0 0
650 3 0 0 0 0 0 1 0 0
651 1 0 0 0 0 0 1 1 1
653 1 0 0 0 0 0 0 0 0
654 3 0 0 0 0 0 1 0 0
655 1 1 1 0 0 0 1 0 0
658 2 0 0 0 0 0 0 0 0
660 3 0 0 0 0 0 1 0 0
661 1 0 0 0 0 0 1 1 1
663 1 0 0 0 0 0 0 0 0
664 3 0 0 0 0 0 1 0 0
665 1 0 0 0 0 0 1 0 0
667 6 0 0 6 0 0 0 0 0
fn=intel_02_known_compare
121 162 1 1 108 6 6 0 0 0
124 162 0 0 54 0 0 0 0 0
fn=intel_check_word
132 32 1 1 0 0 0 24 0 0
133 12 0 0 0 0 0 0 0 0
135 2 0 0 0 0 0 0 0 0
139 36 1 1 0 0 0 0 0 0
141 24 0 0 0 0 0 0 0 0
143 10 1 1 0 0 0 0 0 0
145 20 0 0 0 0 0 0 0 0
153 20 0 0 0 0 0 0 0 0
165 39 0 0 0 0 0 0 0 0
170 16 1 1 0 0 0 0 0 0
174 10 2 2 0 0 0 0 0 0
176 4 0 0 0 0 0 0 0 0
181 9 0 0 0 0 0 0 0 0
184 2 0 0 0 0 0 0 0 0
186 4 1 1 0 0 0 0 0 0
188 10 0 0 0 0 0 0 0 0
189 8 0 0 0 0 0 0 0 0
190 8 1 1 0 0 0 0 0 0
191 2 0 0 0 0 0 0 0 0
199 3 0 0 0 0 0 0 0 0
206 16 0 0 0 0 0 0 0 0
228 8 0 0 0 0 0 8 1 1
229 56 1 1 0 0 0 8 0 0
231 16 0 0 0 0 0 0 0 0
253 8 0 0 0 0 0 0 0 0
258 32 1 1 28 0 0 0 0 0
fl=/usr/src/debug/glibc-2.17-c758a686/string/strdup.c
fn=strdup
40 8 0 0 0 0 0 4 0 0
41 4 1 1 0 0 0 2 0 0
42 4 0 0 0 0 0 2 0 0
44 4 0 0 0 0 0 0 0 0
47 8 0 0 0 0 0 0 0 0
48 6 0 0 4 0 0 0 0 0
fl=/usr/src/debug/glibc-2.17-c758a686/time/../sysdeps/unix/sysv/linux/x86_64/gettimeofday.c
fn=gettimeofday
30 1 1 1 0 0 0 0 0 0
31 5 0 0 0 0 0 4 0 0
34 3 0 0 0 0 0 1 0 0
35 3 1 1 0 0 0 0 0 0
36 3 0 0 1 0 0 0 0 0
fl=/usr/src/debug/glibc-2.17-c758a686/time/../sysdeps/unix/sysv/linux/x86_64/time.c
fn=time
36 1 1 1 0 0 0 0 0 0
37 5 0 0 0 0 0 4 0 0
40 6 1 1 0 0 0 1 0 0
41 3 0 0 1 0 0 0 0 0
fl=???
fn=???
0 1228517 24 20 1228424 3285 0 23 1 1
fn=Mem_alloc
0 5441364 4 2 1209192 2 0 1209192 21 0
fn=Mem_free
0 816018 1 1 0 0 0 0 0 0
fn=Stack_empty
0 2448054 1 0 816018 20 0 272006 0 0
fn=Stack_new
0 9 2 2 1 0 0 3 0 0
fn=Stack_pop
0 5168114 2 2 1632036 172273 0 1088024 0 0
fn=Stack_push
0 6045940 4 2 1511485 23 0 1813782 40 0
fn=__atan2_finite
0 8 1 1 3 0 0 0 0 0
fn=__libc_csu_init
0 34 3 3 8 1 0 8 0 0
fn=__log_finite
0 8 1 1 3 0 0 0 0 0
fn=_dl_debug_initialize
0 5 0 0 4 0 0 0 0 0
fn=memcpy@GLIBC_2.2.5
0 15 1 1 4 0 0 0 0 0
fn=sin
0 8 1 1 3 0 0 0 0 0
summary: 717833725 999 984 234509959 1415052 2154 85238664 128403 33501
