version: 1
creator: callgrind-3.11.0
pid: 30177
cmd:  ./um midmark.um
part: 1


desc: I1 cache: 
desc: D1 cache: 
desc: LL cache: 

desc: Timerange: Basic block 0 - 785684924
desc: Trigger: Program termination

positions: line
events: Ir
summary: 3825715320


ob=(2) ???
fl=(16) ???
fn=(226) 0x0000000004a24510
0 6

fn=(296) 0x0000000000400880
0 6

fn=(570) 0x0000000004a247a8
0 3

fn=(258) 0x0000000004c2b1c0
0 6

fn=(544) 0x0000000000401894
0 3

fn=(592) 0x0000000004c96278
0 3

ob=(1) /usr/lib64/ld-2.17.so
fl=(15) /usr/src/debug/glibc-2.17-c758a686/elf/dl-object.c
fn=(48) _dl_add_to_namespace_list
33 8
+2 4
-2 12
+2 4
cfi=(2) /usr/src/debug/glibc-2.17-c758a686/elf/rtld.c
cfn=(50) rtld_lock_default_lock_recursive
calls=4 917 
* 8
+2 29
+4 6
-1 27
+2 3
+2 3
+4 3
+4 3
-4 6
+1 6
+1 6
+2 3
+1 9
-1 3
cfi=(2)
cfn=(52) rtld_lock_default_unlock_recursive
calls=3 923 
* 6
-4 1
+4 1
-4 2
+1 2
+1 2
+2 1
+1 3
-1 1
cfi=(2)
cfn=(52)
calls=1 923 
* 2
-5 2

fn=(32) _dl_new_object
62 44
+1 4
-1 8
+1 4
cfi=(10) /usr/src/debug////////glibc-2.17-c758a686/string/../sysdeps/x86_64/rtld-strlen.S
cfn=(20) strlen
calls=4 -35 
* 228
+6 4
-6 12
+6 44
+7 16
cfi=(17) /usr/src/debug/glibc-2.17-c758a686/elf/dl-minimal.c
cfn=(36) calloc
calls=4 +26 
* 225
* 4
+3 4
-3 4
+3 4
+4 4
+5 4
-6 4
+6 4
-5 4
+5 4
-1 8
+1 4
cfi=(18) /usr/src/debug////////glibc-2.17-c758a686/string/../sysdeps/x86_64/memcpy.S
cfn=(46) memcpy
calls=4 -27 
* 120
* 4
+4 4
-2 4
+3 4
-1 4
+1 16
+3 4
-3 4
+3 4
+9 4
-7 4
+4 4
+3 9
+2 2
-2 2
+2 30
-2 30
+12 4
+6 4
-5 4
-1 4
+6 12
-2 4
+2 8
+2 9
+3 9
+4 9
+4 9
+2 1
+6 1
+3 2
+3 5
-3 6
+3 15
+2 3
+4 3
-4 3
cfi=(10)
cfn=(20)
calls=3 28 
* 165
* 6
+4 3
-4 3
+4 9
+64 6
+4 32
-88 9
-39 9
+39 3
+70 9
cfi=(18)
cfn=(68) mempcpy
calls=3 61 
* 108
* 3
+5 50
+1 50
-1 50
+1 53
-1 3
+1 9
+5 6
-57 6
cfi=(17)
cfn=(40) malloc
calls=3 -67 
* 102
* 3
+1 3
-1 3
+1 9

fl=(42) /usr/src/debug/glibc-2.17-c758a686/elf/dl-reloc.c
fn=(158) _dl_relocate_object
148 50
+15 5
-15 10
+15 5
+1 20
+6 10
+6 15
-18 6
+22 6
+8 10
-33 5
+78 5
fi=(5) /usr/src/debug/glibc-2.17-c758a686/elf/../sysdeps/x86_64/dl-machine.h
79 5
fe=(42)
233 10
fi=(5)
79 15
fe=(42)
259 224
159 15
fi=(5)
316 24
fe=(42)
-57 3
fi=(4) /usr/src/debug/glibc-2.17-c758a686/elf/do-rel.h
48 3
fe=(42)
259 3
fi=(4)
58 3
fe=(42)
259 3
fi=(4)
47 6
+11 6
fe=(42)
259 2
159 10
fi=(5)
316 16
fe=(42)
-57 2
fi=(4)
48 2
fe=(42)
259 2
fi=(4)
58 2
fe=(42)
259 2
fi=(4)
47 4
+11 4
fe=(42)
259 5
fi=(4)
48 5
fe=(42)
259 5
fi=(4)
58 5
fe=(42)
259 5
fi=(4)
47 10
+11 10
+3 12
fi=(5)
525 62
+4 62
+2 93
+1 31
fi=(4)
61 126
+2 129
+2 38
-4 3
+13 6
+1 5
+1 24
fi=(5)
525 12
+24 12
fi=(4)
75 12
fi=(5)
549 12
+2 12
cob=(4) /usr/lib64/libm-2.17.so
cfi=(55) ???
cfn=(212) sin
calls=1 0 
* 8
cob=(4)
cfi=(55)
cfn=(210) __atan2_finite
calls=1 0 
* 8
cob=(4)
cfi=(57) /usr/src/debug/glibc-2.17-c758a686/math/../sysdeps/x86_64/fpu/multiarch/e_asin.c
cfn=(208) __asin_finite
calls=1 16 
* 5
cob=(4)
cfi=(59) /usr/src/debug////////glibc-2.17-c758a686/math/../sysdeps/x86_64/fpu/multiarch/s_floor.S
cfn=(206) floor
calls=1 25 
* 5
cob=(4)
cfi=(58) /usr/src/debug////////glibc-2.17-c758a686/math/../sysdeps/x86_64/fpu/multiarch/s_floorf.S
cfn=(204) floorf
calls=1 25 
* 5
cob=(4)
cfi=(57)
cfn=(202) __acos_finite
calls=1 10 
* 5
cob=(4)
cfi=(56) /usr/src/debug////////glibc-2.17-c758a686/math/../sysdeps/x86_64/fpu/multiarch/s_rintf.S
cfn=(200) rintf
calls=1 25 
* 5
cob=(4)
cfi=(55)
cfn=(198) __log_finite
calls=1 0 
* 8
cob=(4)
cfi=(54) /usr/src/debug/glibc-2.17-c758a686/math/../sysdeps/x86_64/fpu/multiarch/e_pow.c
cfn=(196) __pow_finite
calls=1 8 
* 5
cob=(4)
cfi=(53) /usr/src/debug////////glibc-2.17-c758a686/math/../sysdeps/x86_64/fpu/multiarch/s_rint.S
cfn=(194) rint
calls=1 25 
* 5
cob=(4)
cfi=(52) /usr/src/debug/glibc-2.17-c758a686/math/../sysdeps/x86_64/fpu/multiarch/s_sin.c
cfn=(192) cos
calls=1 20 
* 8
cob=(4)
cfi=(51) /usr/src/debug/glibc-2.17-c758a686/math/../sysdeps/x86_64/fpu/multiarch/e_exp.c
cfn=(190) __exp_finite
calls=1 15 
* 8
fi=(4)
75 12
fi=(5)
552 12
fi=(4)
75 14
fe=(42)
259 3
fi=(4)
75 9
fe=(42)
259 27
+3 15
+32 5
+3 10
+17 15
+2 40
fi=(4)
84 7
+2 14
+12 7
-15 7
+15 7
-15 7
+15 7
+10 10
+3 13
fi=(5)
515 9
fi=(4)
111 12
fi=(5)
515 3579
fi=(4)
111 4772
+7 21
+3 6
+3 6
-3 6
+3 6
-74 4
fi=(5)
442 4
fi=(4)
51 4
fi=(5)
442 16
fi=(4)
127 496
+9 234
+3 234
fi=(5)
284 117
fi=(4)
138 117
-2 117
+1 468
fi=(5)
284 117
+21 234
+4 234
+7 1508
fi=(4)
137 89
fi=(5)
316 178
fi=(4)
137 89
fi=(5)
316 89
fi=(4)
138 89
fi=(5)
316 178
fi=(4)
137 89
fi=(5)
316 280
fi=(4)
137 13
fi=(5)
316 26
fi=(4)
137 13
fi=(5)
316 13
fi=(4)
138 13
fi=(5)
316 26
fi=(4)
137 13
fi=(5)
316 1263
cfi=(6) /usr/src/debug/glibc-2.17-c758a686/elf/dl-lookup.c
cfn=(164) _dl_lookup_symbol_x
calls=102 716 
* 107035
* 408
+2 315
+3 109
-3 218
+3 327
+6 819
fe=(42)
177 10
+1 2
+2 4
+79 10
fi=(5)
85 6
+4 9
+14 3
-8 3
+8 6
+20 9
+26 12
435 206
fi=(4)
124 384
+19 8
+1 26
+1 21
+3 14
+4 14
-1 7
-3 7
+1 7
+1 7
-1 14
fi=(5)
316 28
+2 7
+3 7
-3 7
+3 21
488 14
+1 7
cob=(3) /usr/lib64/libc-2.17.so
cfi=(50) ???
cfn=(186) memcpy@GLIBC_2.2.5
calls=1 0 
* 15
cob=(3)
cfi=(49) /usr/src/debug/glibc-2.17-c758a686/time/../sysdeps/unix/sysv/linux/x86_64/gettimeofday.c
cfn=(184) gettimeofday
calls=1 30 
* 22
cob=(3)
cfi=(48) /usr/src/debug////////glibc-2.17-c758a686/string/../sysdeps/x86_64/multiarch/memset.S
cfn=(182) memset
calls=1 27 
* 8
cob=(3)
cfi=(44) /usr/src/debug////////glibc-2.17-c758a686/string/../sysdeps/x86_64/multiarch/strcmp.S
cfn=(180) strncasecmp
calls=1 120 
* 5
cob=(3)
cfi=(47) /usr/src/debug////////glibc-2.17-c758a686/string/../sysdeps/x86_64/multiarch/strnlen.S
cfn=(178) strnlen
calls=1 30 
* 5
cob=(3)
cfi=(45) /usr/src/debug/glibc-2.17-c758a686/time/../sysdeps/unix/sysv/linux/x86_64/time.c
cfn=(174) time
calls=1 36 
* 22
cob=(3)
cfi=(44)
cfn=(172) strcasecmp
calls=1 100 
* 5
+1 14
316 36
fi=(4)
129 26
fi=(5)
316 26
+91 36
+4 60
+5 60
-71 2
+1 3
471 3
+4 6
cfi=(18)
cfn=(46)
calls=1 61 
* 18
+2 3
+1 1
fi=(4)
108 3
fe=(42)
322 10
+1 5
+1 5
-1 5
-1 10
+2 5
+3 10
+1 15
cfi=(35) /usr/src/debug////////glibc-2.17-c758a686/misc/../sysdeps/unix/syscall-template.S
cfn=(114) mprotect
calls=5 81 
* 25
* 10
fi=(5)
132 6
+2 6
316 14
fi=(4)
129 3
+31 8
+2 20
+8 10
+1 5
-1 5
+1 5
fi=(5)
284 5
fi=(4)
170 10
fi=(5)
284 5
+21 10
+4 10
+7 135
cfi=(6)
cfn=(164)
calls=5 716 
* 5373
* 20
+2 15
+3 1
-3 2
+3 3
+6 35
435 15
fi=(4)
160 15
+14 5
fi=(5)
316 20
139 18
316 60
fe=(42)

fl=(13) /usr/src/debug/glibc-2.17-c758a686/elf/dl-environ.c
fn=(28) _dl_next_ld_env_entry
30 3
+3 11
+2 80
+11 38
-13 114
-2 1
+19 1
-14 18
+5 2
-3 2
+3 2
+2 2

fl=(29) /usr/src/debug/glibc-2.17-c758a686/elf/dl-error.c
fn=(142) _dl_receive_error
197 10
+1 1
cfi=(2)
cfn=(88) _dl_initial_error_catch_tsd
calls=1 877 
* 2
+5 1
-1 1
-4 1
+9 1
+2 1
-3 1
+3 1
cfi=(2)
cfn=(144) version_check_doit
calls=1 736 
* 4223
+2 1
+1 1
+1 8

fn=(86) _dl_catch_error
159 42
+9 6
+2 6
cfi=(2)
cfn=(88)
calls=6 877 
* 12
* 6
+1 6
+2 12
-2 6
+2 6
cfi=(30) /usr/src/debug////////glibc-2.17-c758a686/setjmp/../sysdeps/x86_64/setjmp.S
cfn=(90) __sigsetjmp
calls=6 26 
* 120
+1 12
+2 12
+1 12
-1 6
+1 6
cfi=(37) /usr/src/debug/glibc-2.17-c758a686/elf/dl-deps.c
cfn=(126) openaux
calls=5 60 
* 13093
cfi=(2)
cfn=(92) map_doit
calls=1 704 
* 2581
+1 6
+4 6
-4 6
+1 12
+1 12
+1 12
+10 24

fl=(40) /usr/src/debug/glibc-2.17-c758a686/string/strdup.c
fn=(138) strdup
40 8
+1 2
cfi=(10)
cfn=(20)
calls=2 -13 
* 68
* 2
+1 4
cfi=(17)
cfn=(40)
calls=2 +51 
* 68
* 2
+2 4
+4 2
-1 4
+1 4
-1 4
cfi=(18)
cfn=(46)
calls=2 +14 
* 54

fl=(21) /usr/src/debug/glibc-2.17-c758a686/elf/../sysdeps/unix/sysv/linux/dl-sysdep.c
fn=(60) _dl_discover_osversion
45 7
+2 3
+85 8
-45 3
cfi=(22) /usr/src/debug////////glibc-2.17-c758a686/posix/../sysdeps/unix/syscall-template.S
cfn=(62) uname
calls=1 -6 
* 5
* 1
+15 1
-15 1
+20 1
-1 1
+3 12
+4 3
-2 6
+2 10
+2 1
+1 2
-3 4
+7 3
-1 3
+4 3
-2 3
+2 10
+5 2

fl=(23) /usr/src/debug/glibc-2.17-c758a686/elf/dl-load.c
fn=(100) open_verify
1681 130
+36 13
-36 26
+36 26
+21 52
cfi=(32) /usr/src/debug////////glibc-2.17-c758a686/io/../sysdeps/unix/syscall-template.S
cfn=(102) open
calls=13 81 
* 105
+1 13
-1 13
+1 13
+10 3
+1 6
+5 18
cfi=(32)
cfn=(104) read
calls=3 81 
* 15
+2 6
+2 3
+2 3
-2 3
+2 3
-2 3
+8 6
+16 15
cfi=(14) /usr/src/debug/glibc-2.17-c758a686/string/../string/memcmp.c
cfn=(30) bcmp
calls=3 319 
* 258
* 6
+2 3
-2 6
+4 12
cfi=(14)
cfn=(30)
calls=3 319 
* 240
-4 6
+60 6
+5 6
+3 12
+5 6
+7 3
+1 3
-1 12
+1 9
+1 3
+15 127
+1 42
+4 8
+1 4
+13 2
+1 2
+2 2
-3 2
+1 2
-1 2
+1 2
-2 2
+4 4
+5 2
+1 2
-13 8
cfi=(14)
cfn=(30)
calls=2 319 
* 146
* 8
cfi=(14)
cfn=(30)
calls=2 319 
* 160
* 8
+16 4
+6 2
-3 2
+1 2
+1 2
+1 4
+1 8
-4 2
+1 2
+1 2
-1 6
-1 2
+4 4
+5 10
+8 96
1814 1
1931 8
1783 8
cfi=(14)
cfn=(30)
calls=2 319 
* 176
* 4

fn=(128) open_path
1945 16
+1 2
-1 10
+7 2
-7 2
+1 2
+6 2
+5 4
-7 2
+7 2
-8 2
+8 6
+74 2
-74 2
+74 2
-22 4
-52 2
+52 6
-40 2
-9 2
+9 4
-9 2
+9 2
+7 16
cfi=(18)
cfn=(68)
calls=4 61 
* 116
+1 4
-1 4
+1 12
-13 8
+33 16
-20 38
+3 32
+4 80
cfi=(18)
cfn=(68)
calls=10 61 
* 198
* 40
cfi=(18)
cfn=(68)
calls=10 61 
* 230
* 10
+3 10
+3 20
+3 70
cfn=(100)
calls=10 1681 
* 400
* 10
+2 30
+26 8
+2 6
-21 16
+1 72
+6 16
+2 24
-2 8
+2 8
cfi=(38) /usr/src/debug/glibc-2.17-c758a686/io/../sysdeps/unix/sysv/linux/wordsize-64/xstat.c
cfn=(130) _xstat
calls=8 36 
* 98
* 16
+1 2
+2 2
-2 2
+2 16
+7 4
-44 4
+37 12
+7 12
-44 14
+85 20
+7 4
-2 4
+2 12
+3 6
-13 2
+27 22
-72 12

fn=(94) _dl_map_object
2094 6
+12 12
-12 6
+12 6
-12 54
+12 6
-12 12
+12 12
+12 30
-12 45
+5 54
+1 36
+2 54
cfi=(31) /usr/src/debug/glibc-2.17-c758a686/elf/dl-misc.c
cfn=(96) _dl_name_match_p
calls=18 304 
* 1245
* 39
2399 48
2141 6
+11 12
-56 6
+92 6
-2 3
+2 3
cfi=(25) /usr/src/debug////////glibc-2.17-c758a686/string/../sysdeps/x86_64/rtld-strchr.S
cfn=(70) index
calls=3 40 
* 175
* 6
2330 6
cfn=(98) expand_dynamic_string_token
calls=1 419 
* 390
+1 1
-3 1
+4 1
-1 2
+4 6
cfn=(100)
calls=1 1681 
* 328
+3 1
-3 1
+3 1
+12 9
+2 6
+44 3
+1 21
-1 3
+1 15
cfn=(106) _dl_map_object_from_fd
calls=3 916 
* 6542
* 3
2192 4
cfi=(10)
cfn=(20)
calls=2 28 
* 121
* 2
+2 2
-2 2
+2 2
+7 8
+35 4
+1 30
cfn=(128)
calls=2 1945 
* 1848
* 6
+6 12
687 2
2244 2
687 4
2322 4
-97 10
+21 4
+6 8
+2 6
+4 4
cfi=(39) /usr/src/debug/glibc-2.17-c758a686/elf/dl-cache.c
cfn=(132) _dl_load_cache_lookup
calls=2 185 
* 2742
+2 2
-2 2
+2 2
+5 6
+8 4
+28 20
cfn=(100)
calls=2 1681 
* 1218
+3 2
-3 2
+3 4
+1 4
-79 14
687 2
2227 2
687 4
2205 2
+8 10
-7 4
-1 2
+8 16
-3 6
687 2
2211 2
687 4
2119 45
+3 6
+2 6
-1 12
+1 6
cfi=(19) /usr/src/debug////////glibc-2.17-c758a686/string/../sysdeps/x86_64/strcmp.S
cfn=(54) strcmp
calls=6 134 
* 105
* 12

fn=(64) _dl_init_paths
710 1
+15 2
-15 8
+15 3
cfi=(24) /usr/src/debug/glibc-2.17-c758a686/elf/dl-hwcaps.c
cfn=(66) _dl_important_hwcaps
calls=1 39 
* 333
+5 1
-5 1
+5 1
cfi=(17)
cfn=(40)
calls=1 93 
* 34
* 1
+1 1
-1 1
-1 1
+2 1
+8 1
-1 1
+1 1
-1 4
+5 4
cfi=(17)
cfn=(40)
calls=1 93 
* 34
* 1
+2 1
-2 1
-1 1
+3 1
+7 1
+10 1
+9 1
-20 1
+12 1
-1 1
+3 1
+1 1
-1 1
+6 9
+1 10
+2 2
-12 1
+12 1
-14 1
+2 1
+3 1
-2 1
+3 1
-1 8
+1 3
+6 11
-1 2
+14 1
-11 1
+6 1
+1 1
+5 2
+4 3
+32 4
+8 3
cfi=(25)
cfn=(70)
calls=1 40 
* 83
* 2
+2 2
cfi=(10)
cfn=(20)
calls=1 28 
* 57
* 8
cfi=(18)
cfn=(46)
calls=1 61 
* 31
* 1
+17 3
-1 2
+3 1
+1 3
+1 1
-4 3
+2 26
+1 78
+1 26
-4 79
+8 1
cfi=(17)
cfn=(40)
calls=1 93 
* 34
* 1
+1 1
-2 1
+2 1
+6 7
cfn=(72) fillin_rpath
calls=1 489 
* 920
+4 3
+6 1
+4 8
-72 1
-2 1
+2 2
+11 2
-46 2

fn=(106)
916 33
+11 3
-11 3
+11 3
-11 9
+11 3
cfi=(26) /usr/src/debug/glibc-2.17-c758a686/elf/dl-debug.c
cfn=(76) _dl_debug_initialize
calls=3 51 
* 24
+4 9
-4 3
+4 3
cfi=(33) /usr/src/debug/glibc-2.17-c758a686/io/../sysdeps/unix/sysv/linux/wordsize-64/fxstat.c
cfn=(110) _fxstat
calls=3 36 
* 30
* 6
+11 21
+1 9
-1 27
+1 36
+17 6
+25 6
+10 6
+22 3
-89 3
+89 9
+35 21
cfi=(15)
cfn=(32)
calls=3 62 
* 1477
+1 3
-1 3
+1 3
+11 6
+5 3
-5 3
+1 6
+1 3
+2 3
-2 3
+2 12
+1 9
+1 3
+24 6
+8 3
-8 27
+8 3
-8 3
+8 3
+99 3
1095 3
1201 3
+8 3
1096 3
1209 3
1085 3
1209 3
-8 9
-98 45
-1 184
+1 133
+6 6
+1 9
+1 3
+3 2
+1 1
+5 30
+6 12
+1 6
-1 24
+7 24
+11 6
+2 6
-1 6
+4 6
-5 6
+1 6
-1 12
+2 6
-1 6
+2 6
+3 6
+4 6
-9 6
+2 6
+1 6
+1 6
+1 6
+4 6
+1 9
+5 6
-16 3
+16 15
+10 3
-10 6
-16 3
+16 15
+10 3
+3 3
+5 1
-1 1
+3 1
-1 1
-1 1
+1 1
+3 3
+1 2
+3 2
+4 4
+6 1
cfi=(27) /usr/src/debug/glibc-2.17-c758a686/elf/dl-tls.c
cfn=(140) _dl_next_tls_modid
calls=1 52 
* 6
* 2
+1 1
+60 6
+1 9
+1 3
-6 6
+1 9
+8 9
+13 24
+2 6
+14 3
+5 18
cfi=(34) /usr/src/debug/glibc-2.17-c758a686/misc/../sysdeps/unix/sysv/linux/wordsize-64/mmap.c
cfn=(112) mmap
calls=3 32 
* 105
+4 3
-4 3
+4 3
+7 3
+1 3
-1 3
+1 3
+2 3
-3 3
+1 3
+2 3
+10 3
+2 3
+33 18
+3 6
+8 24
+6 3
+2 3
-2 3
+1 3
+2 3
-1 3
+1 3
-1 9
+8 6
+3 6
+11 21
cfi=(36) /usr/src/debug////////glibc-2.17-c758a686/string/../sysdeps/x86_64/rtld-memset.S
cfn=(116) memset
calls=3 30 
* 1998
+1 15
+5 6
+15 6
-74 30
+2 12
+2 24
cfi=(34)
cfn=(112)
calls=3 32 
* 93
* 6
+9 6
+2 3
-2 3
+2 3
+1 12
+1 4
+1 2
-1 4
+1 8
-1 4
+3 8
1065 3
1421 12
+9 6
fi=(3) /usr/src/debug/glibc-2.17-c758a686/elf/get-dynamic-info.h
38 3
fe=(23)
1430 3
fi=(3)
38 3
+6 3
-2 3
+2 6
+7 3
+5 3
+3 3
-1 3
-3 3
-3 66
+10 15
-18 45
+8 58
+10 58
-18 174
+18 2
-18 6
+2 150
+5 68
+2 8
+16 6
+20 12
+1 12
+1 12
+1 12
+2 12
+5 12
+1 11
+1 11
+35 9
+5 2
+2 2
-2 2
+2 2
+2 4
+2 4
+1 1
+2 9
+10 2
-8 4
+9 4
-1 2
+5 4
+1 2
+2 6
fe=(23)
1436 6
+16 9
+19 6
+2 15
+51 9
+1 2
+3 2
cfi=(32)
cfn=(120) close
calls=1 81 
* 5
* 4
cfi=(32)
cfn=(120)
calls=2 81 
* 10
* 6
+8 15
+3 9
+2 3
-2 3
+2 3
+16 6
cfi=(6)
cfn=(10) _dl_setup_hash
calls=3 865 
* 60
+4 6
+1 6
+17 6
+1 1
+3 1
+6 1
-6 1
+1 2
+5 1
-6 2
+6 2
-6 2
+1 4
+5 2
+10 6
+10 9
cfi=(15)
cfn=(48)
calls=3 33 
* 132
+4 12
+20 24
1317 3
-1 15
cfi=(35)
cfn=(114)
calls=3 81 
* 15
* 3
+90 8
cfi=(34)
cfn=(112)
calls=1 32 
* 31
+3 2
fi=(3)
56 8
+3 8
+1 2
+1 8
fe=(23)
1536 6
+1 2

fn=(72)
489 7
+2 1
-2 9
+4 3
cfi=(17)
cfn=(74) strsep
calls=1 340 
* 243
* 6
cfi=(17)
cfn=(74)
calls=2 340 
* 207
* 9
+3 4
cfi=(10)
cfn=(20)
calls=2 28 
* 89
+4 2
-4 2
+4 2
+7 12
+12 25
+1 10
+18 4
+4 6
+1 6
-1 2
+1 2
-2 2
cfi=(17)
cfn=(40)
calls=2 93 
* 68
* 2
+3 2
-3 2
+3 6
+5 2
+1 6
-2 2
+2 2
cfi=(18)
cfn=(68)
calls=2 61 
* 58
+3 2
-3 2
+3 2
-2 2
+2 2
+1 1
+5 4
+1 2
-1 4
+1 26
+1 20
+3 2
-1 4
+1 2
+7 2
+1 2
+3 6
-68 4
+5 4
+3 6
+23 4
+42 1
+3 9
-14 4

fn=(98)
419 9
+10 2
-10 1
+10 1
cfi=(25)
cfn=(70)
calls=1 40 
* 169
* 2
161 2
cfi=(10)
cfn=(20)
calls=1 28 
* 97
* 1
+1 2
cfi=(17)
cfn=(40)
calls=1 -69 
* 34
* 1
+2 2
444 1
167 2
444 6
167 2
cfi=(18)
cfn=(46)
calls=1 61 
* 56

fl=(39)
fn=(132)
185 18
+8 4
+3 6
+45 5
+6 2
-6 1
+6 2
+8 2
+20 2
-20 2
+7 2
-7 4
+20 2
-13 4
-7 2
+7 2
+13 284
cfn=(136) _dl_cache_libcmp
calls=18 139 
* 1302
* 82
-76 4
cfi=(31)
cfn=(134) _dl_sysdep_read_whole_file
calls=1 43 
* 94
+8 1
-8 1
+8 4
+1 4
cfi=(14)
cfn=(30)
calls=1 319 
* 112
* 2
+7 1
-3 1
+3 3
+3 1
+1 2
-1 1
+1 1
+1 3
cfi=(14)
cfn=(30)
calls=1 +99 
* 111
* 2
+2 2
+53 26
cfn=(136)
calls=2 139 
* 144
* 8
-12 6
+12 2
-12 4
-1 4
+13 46
+16 4
+4 4
+8 6
cfi=(10)
cfn=(20)
calls=2 28 
* 90
* 4
+1 2
-1 6
+1 2
-1 2
+1 4
cfi=(18)
cfn=(46)
calls=2 61 
* 54
+1 4
cfi=(40)
cfn=(138)
calls=2 40 
* 226
+1 16

fn=(218) _dl_unload_cache
316 4
-1 1
+3 2
cfi=(35)
cfn=(220) munmap
calls=1 81 
* 5
+1 1
+2 2

fn=(136)
139 60
+1 44
+2 196
+2 98
-2 98
+2 4
+6 2
+2 2
-1 2
-1 2
+1 2
-1 2
+2 6
+2 10
+2 4
+6 192
+2 348
+4 78
+1 78
-29 156
+32 4
+1 4
-8 18
+8 36

fl=(31)
fn=(134)
43 1
+7 1
-7 3
+7 1
-7 1
+1 1
-1 2
+7 1
cfi=(32)
cfn=(102)
calls=1 +31 
* 5
+1 1
-1 1
+1 1
+2 4
cfi=(33)
cfn=(110)
calls=1 -17 
* 10
* 2
+2 1
+3 1
-3 1
+3 1
+13 2
cfi=(32)
cfn=(120)
calls=1 +10 
* 5
+3 7
-14 6
cfi=(34)
cfn=(112)
calls=1 -28 
* 33
* 2

fn=(96)
304 525
+1 210
cfi=(19)
cfn=(54)
calls=105 134 
* 742
* 105
+1 105
-1 105
+3 105
+2 210
+4 106
-4 212
+1 339
cfi=(19)
cfn=(54)
calls=113 134 
* 2086
* 226
-5 7
+11 133
-1 98
+1 392

fl=(8) /usr/src/debug/glibc-2.17-c758a686/elf/../sysdeps/unix/sysv/linux/x86_64/brk.c
fn=(14) brk
31 1
-3 1
+3 6
+8 1
-6 2
+7 1

fl=(70) /usr/src/debug////////glibc-2.17-c758a686/elf/../sysdeps/x86_64/dl-trampoline.h
fn=(282) _dl_runtime_resolve_sse_vex
171 1
+3 1
+1 1
+1 1
+1 1
+1 1
+1 1
+1 1
+1 1
+1 1
+1 1
+1 1
+1 1
+1 1
+1 1
+1 1
+5 1
+1 1
+1 1
+1 1
+14 1
+1 1
+1 1
cfi=(71) /usr/src/debug/glibc-2.17-c758a686/elf/../elf/dl-runtime.c
cfn=(284) _dl_fixup
calls=1 68 
* 1490
+1 1
+5 1
+1 1
+1 1
+1 1
+13 1
+1 1
+1 1
+1 1
+1 1
+1 1
+1 1
+1 1
+1 1
+1 1
+1 1
+1 1
+1 1
+1 1
+1 1
+8 1
+3 1
cob=(3)
cfi=(72) /usr/src/debug/glibc-2.17-c758a686/csu/../csu/libc-start.c
cfn=(288) (below main)
calls=1 134 
* 3825548707

fn=(283) _dl_runtime_resolve_sse_vex'2
171 9
+3 9
+1 9
+1 9
+1 9
+1 9
+1 9
+1 9
+1 9
+1 9
+1 9
+1 9
+1 9
+1 9
+1 9
+1 9
+5 9
+1 9
+1 9
+1 9
+14 9
+1 9
+1 9
cfi=(71)
cfn=(284)
calls=9 68 
* 10833
+1 9
+5 9
+1 9
+1 9
+1 9
+13 9
+1 9
+1 9
+1 9
+1 9
+1 9
+1 9
+1 9
+1 9
+1 9
+1 9
+1 9
+1 9
+1 9
+1 9
+8 9
+3 9
cob=(3)
cfi=(105) /usr/src/debug/glibc-2.17-c758a686/stdlib/cxa_finalize.c
cfn=(558) __cxa_finalize
calls=2 30 
* 106
cob=(3)
cfi=(102) /usr/src/debug/glibc-2.17-c758a686/libio/iofclose.c
cfn=(508) fclose@@GLIBC_2.2.5
calls=1 40 
* 414
cob=(3)
cfi=(99) /usr/src/debug/glibc-2.17-c758a686/stdio-common/printf.c
cfn=(474) printf
calls=1 29 
* 549
cob=(3)
cfi=(79) /usr/src/debug/glibc-2.17-c758a686/malloc/malloc.c
cfn=(464) free
calls=1 2922 
* 85
cob=(3)
cfi=(79)
cfn=(418) realloc
calls=1 2956 
* 161
cob=(3)
cfi=(92) /usr/src/debug/glibc-2.17-c758a686/libio/getc.c
cfn=(384) getc
calls=1 36 
* 281
cob=(3)
cfi=(79)
cfn=(326) malloc
calls=1 2886 
* 188
cob=(3)
cfi=(78) /usr/src/debug/glibc-2.17-c758a686/libio/iofopen.c
cfn=(320) fopen@@GLIBC_2.2.5
calls=1 103 
* 57823

fn=(280) _dl_runtime_resolve_avx_slow
70 1
+1 1
+1 1
+1 1
+1 1
+1 1
+1 1
+1 1
+1 1
+3 1
+3 1
+3 1
cfn=(282)
calls=1 +84 
* 3825550242

fn=(281) _dl_runtime_resolve_avx_slow'2
70 9
+1 9
+1 9
+1 9
+1 9
+1 9
+1 9
+1 9
+1 9
+3 9
+3 9
+3 9
cfn=(283)
calls=9 +84 
* 70845

fl=(34)
fn=(112)
32 11
+1 11
-1 99
+1 27
+1 110
+2 77
-3 26

fl=(71)
fn=(284)
68 20
+6 20
-6 10
+3 10
-1 10
+1 10
+3 10
+1 10
-1 20
+1 30
+1 10
-1 10
+1 20
+9 20
+4 30
+4 18
+1 36
+2 36
+7 30
-1 10
+11 90
cfi=(6)
cfn=(164)
calls=10 716 
* 11641
* 10
+4 30
+10 60
+16 10
-8 10
+8 30
+4 30
fi=(5)
250 10
fe=(71)
-99 30
-64 2

fl=(1) ???
fn=(0) 0x0000000000001170
0 2
cfi=(2)
cfn=(2) _dl_start
calls=1 441 
0 162727
0 14
cfi=(60) /usr/src/debug/glibc-2.17-c758a686/elf/dl-init.c
cfn=(224) _dl_init
calls=1 90 
0 2304
0 3
cob=(6) /h/jisken01/Desktop/comp40/um/profiling/um
cfi=(69) ???
cfn=(272) 0x00000000004009b0
calls=1 0 
0 3825550270

fl=(6)
fn=(170) check_match.9513
132 5523
+1 1578
+2 1578
+2 1140
-2 760
+12 1140
+3 1980
cfi=(19)
cfn=(54)
calls=305 -16 
* 5429
* 610
+5 105
-1 105
+1 105
-1 105
+1 105
+2 206
+19 206
+1 824
+46 630
-18 4
+2 4
+1 8
-1 4
+1 2
-1 4
+9 275
+7 4104
-45 309
cfi=(19)
cfn=(54)
calls=103 -44 
* 8956
* 412
-43 818
+81 1227

fn=(166) do_lookup_x
82 1053
+1 117
-6 117
+5 351
-5 819
+11 117
+1 117
233 117
-3 117
+3 117
-3 351
98 117
-3 117
+1 117
+2 117
+3 117
-3 117
+3 117
-3 368
-3 368
+1 368
+2 368
+3 368
-3 368
+3 368
+4 978
+4 968
+4 968
+7 1452
+4 968
+1 1452
226 484
+1 968
+4 504
-2 252
+5 1008
+4 504
-1 504
+1 252
-1 504
+21 148
+24 758
462 2076
+1 345
cfi=(31)
cfn=(96)
calls=69 304 
* 3221
* 414
+3 1140
+3 24
287 788
+4 249
+13 105
+1 105
-1 105
+1 105
+1 105
470 936
241 432
-1 216
+2 216
+2 321
+10 306
-7 1030
+2 208
+1 416
-1 624
+1 312
cfn=(170)
calls=104 132 
* 16543
+1 520
+11 1388
+6 1198
+2 2736
-2 684
+2 684
-2 684
+4 4795
cfn=(170)
calls=685 132 
* 21713
+1 3426
-10 117
fi=(43) /usr/src/debug/glibc-2.17-c758a686/elf/../sysdeps/generic/dl-hash.h
32 117
-1 117
+1 585
+2 234
+1 351
+2 234
+1 351
+2 234
+1 351
+2 109
+1 109
-1 109
+2 327
+3 2886
+1 1924
+13 1924
-17 2886
+22 654
fe=(6)
263 218
fi=(43)
67 40
fe=(6)
263 16

fn=(10)
865 15
+4 3
+4 6
+2 3
-1 3
+4 3
+4 3
-4 3
+1 6
+2 3
-2 3
+3 3
+2 3
+1 3
+1 12
+1 3
+3 6
+2 2
+2 2
+2 2
+1 2
+1 2
-4 2
+4 4

fn=(164)
716 1404
477 117
716 234
477 351
-1 234
+2 117
-1 117
+1 351
-1 351
+1 1422
-1 1422
+1 4266
-1 4500
718 117
+4 117
+9 117
-13 117
+15 117
-14 234
+14 117
-2 117
+6 936
+2 1521
cfn=(166)
calls=117 82 
* 101523
+3 234
+3 12
-8 48
-7 234
+40 234
+24 105
+1 735
+26 105
+9 525
+14 315
+3 420
+5 105
+2 936
-82 84
+18 12
+1 24
+54 2

fl=(10)
fn=(20)
28 18
+1 18
+1 18
+1 18
+2 8
+1 8
+2 8
+1 8
-1 18
+1 18
+1 25
+1 25
+1 25
+2 34
+5 17
+1 17
+1 17
+1 17
+3 17
-6 6
+1 6
+1 6
+1 6
+3 6
+1 19
+1 19
+1 19
+2 19
+3 15
+1 15
+1 15
+1 15
+3 15
+1 13
+1 13
+1 13
+2 13
+3 12
+1 12
+1 12
+1 12
+3 12
+1 8
+1 8
+1 8
+2 8
+3 7
+1 7
+1 7
+1 7
+3 7
+1 7
+1 7
+1 7
+2 8
+3 1
+2 1
+1 1
-3 16
+2 16
+1 16
+1 12
+2 12
+1 12
+1 12
+2 12
+1 12
+1 10
+2 10
+1 10
+1 5
+2 5
+2 5
+1 5
+1 5
+2 5
+1 5
+1 2
+2 2
+1 2
+1 1
+2 1
+1 1
-1 17
+1 17

fl=(26)
fn=(80) _dl_debug_state
75 2

fn=(76)
51 10
+5 8
+5 2
-1 1
+1 2
+1 2
-1 2
-9 5
+4 10
+4 1
-1 1
-59 5

fl=(32)
fn=(102)
81 56
+1 4
+1 50

fn=(120)
81 16
+1 4

fn=(104)
81 12
+1 3

fn=(122) access
81 4
+2 5

fl=(24)
fn=(66)
39 8
+2 1
-2 1
+3 1
-3 2
+3 1
-3 1
+2 3
+1 2
+9 1
-10 1
+10 2
+10 4
+42 1
+4 1
-1 8
+30 2
+8 2
+2 3
+1 2
+1 2
+3 2
+7 1
-7 1
+1 1
+7 1
-1 1
+4 3
+1 1
-1 6
+1 1
+18 12
+1 4
cfi=(17)
cfn=(40)
calls=1 -89 
* 34
* 1
+1 1
-1 1
+1 4
+26 1
+3 1
-3 2
+3 1
+28 9
+1 2
-1 2
+1 6
-1 8
+5 6
+3 1
-3 1
+3 2
-3 1
+3 1
-3 2
+3 1
-3 1
+3 2
-3 1
+3 3
+1 12
+1 4
-1 4
+1 8
-2 4
+1 8
-1 14
+4 4
+3 1
+2 2
-1 1
-1 2
+2 10
+13 2
+1 1
-1 1
+3 2
-3 2
+1 1
-1 1
+3 2
+3 3
+3 9
-65 4
cfi=(18)
cfn=(68)
calls=1 61 
* 22
+1 2
-1 2
+1 1
cfi=(18)
cfn=(68)
calls=1 61 
* 22
* 4

fl=(19)
fn=(54)
134 639
+1 639
+1 639
+1 347
+1 347
+1 347
+1 347
cfn=(55) strcmp'2
calls=347 -6 
* 13396
+5 292
+1 292
+1 292
+1 292

fn=(55)
134 1872
+1 1872
+1 1872
+1 1671
+1 1671
+1 1671
+1 1671
cfn=(55)
calls=1525 -6 
* 63801
+2 146
+1 146
+2 201
+1 201
+1 201
+1 201

fl=(37)
fn=(124) _dl_map_object_deps
147 1
+1 1
-1 2
+1 1
-1 1
+1 1
-1 1
+1 2
-1 5
+1 1
-1 1
+1 2
+16 1
-2 1
+1 1
-15 1
+16 1
+6 3
+10 1
-10 1
+10 3
-14 1
-4 1
+2 1
+17 1
-17 1
-2 2
+2 1
-2 1
+2 1
-2 1
+1 1
+1 1
+6 3
+10 1
-10 1
+10 3
-16 3
+20 1
+21 1
+1 1
-22 2
+19 1
-12 1
+15 1
-16 1
+13 1
347 9
211 1
+8 1
-4 1
+4 1
-8 4
+8 4
-4 4
+4 4
+12 10
+2 3
+11 3
-5 3
-6 6
+5 3
+2 6
+1 6
+3 12
-32 3
+32 6
+50 10
+1 9
-51 316
+1 158
+6 25
cfi=(25)
cfn=(70)
calls=5 40 
* 377
* 10
+5 25
-3 5
+3 5
cfi=(29)
cfn=(86)
calls=5 -97 
* 13383
+2 15
+15 5
+2 10
+5 3
+6 3
+4 3
-10 6
+3 3
+1 3
+6 3
-5 3
+1 3
+4 3
-2 3
+2 6
-2 9
-57 8
-19 2
475 10
+2 9
+3 6
-1 3
cfi=(17)
cfn=(40)
calls=3 93 
* 102
* 3
+2 3
-2 3
+2 3
+3 3
+1 18
cfi=(18)
cfn=(46)
calls=3 61 
* 68
+1 15
cfi=(18)
cfn=(46)
calls=3 61 
* 68
+4 3
-1 3
+5 20
+3 12
-1 5
+1 10
204 1
501 6
+1 2
+3 6
+11 3
-1 1
cfi=(17)
cfn=(40)
calls=1 93 
* 34
* 1
+3 1
-3 1
+3 1
+5 6
+1 1
-1 3
+3 12
+6 12
+4 4
-10 4
+10 4
-10 9
+6 3
+4 1
-10 1
+10 1
-10 3
+13 2
+53 4
+43 2
+1 1
-1 6
+1 1
cfi=(36)
cfn=(116)
calls=1 30 
* 16
* 1
-2 10
+13 1
-6 1
-1 1
+1 1
+6 2
-13 9
+13 3
-6 3
-1 3
+1 3
+6 9
+2 12
+1 6
-1 12
+1 9
+3 21
-1 30
+23 6
-28 12
+31 12
+3 30
cfi=(36)
cfn=(116)
calls=3 30 
* 30
* 21
219 10
+1 22
+2 3
+2 9
+2 26
663 2
+25 2
+2 1
+1 1
-1 1
+9 3
+3 2
+3 8
297 222
628 9
cfi=(18)
cfn=(46)
calls=1 61 
* 42
+2 3

fn=(126)
60 10
+7 5
-4 15
+1 5
-1 5
+1 5
-1 25
cfi=(23)
cfn=(94)
calls=5 2094 
* 13008
* 5
+5 10

fl=(41) /usr/src/debug/glibc-2.17-c758a686/elf/dl-version.c
fn=(146) _dl_check_all_versions
381 6
+4 4
-2 2
+4 35
cfn=(148) _dl_check_map_versions
calls=5 174 
* 4124
-2 5
+2 15
-1 5
-1 10
+5 7

fn=(148)
174 45
+15 5
-15 10
+15 10
+2 5
+3 5
-3 5
+2 5
+1 5
+2 5
-3 5
+3 5
+3 12
+4 18
+17 3
56 3
220 3
56 3
220 3
56 15
220 1
56 1
220 1
56 1
220 1
56 5
+1 14
-1 28
+2 54
cfi=(31)
cfn=(96)
calls=18 304 
* 1240
* 40
228 12
+5 32
+20 2
-16 71
cfn=(150) match_symbol
calls=1 76 
* 135
* 15
cfn=(150)
calls=5 76 
* 919
* 6
+8 24
+3 26
+9 16
+5 1
+1 1
-80 2
-8 2
+96 15
+3 9
+10 28
-7 112
+3 84
-3 12
+3 9
+8 5
+86 5
-86 5
+87 8
-81 16
cfi=(17)
cfn=(36)
calls=4 102 
* 220
* 4
+1 4
-2 4
+2 4
+11 4
-3 4
+3 8
+2 12
+3 12
+4 12
+18 2
-15 6
+2 6
-2 12
+2 12
+2 6
+1 6
-1 12
+1 6
-1 6
+1 6
+1 6
-2 6
+2 12
+1 18
+3 18
+8 12
+5 1
+1 1
+4 12
+3 12
+20 28
-14 28
-2 28
+2 31
-2 3
+2 3
+4 28
+2 28
-1 56
+1 28
-1 84
+1 28
+1 28
+3 93
+10 4
-1 4
+1 28

fn=(150)
76 66
+9 6
-8 6
-1 12
+1 6
+8 6
+6 18
+18 12
+5 12
+14 78
+12 99
+4 33
-30 66
+16 6
+3 24
cfi=(19)
cfn=(54)
calls=6 +1 
* 544
* 12
+35 48

fl=(104) /usr/src/debug/glibc-2.17-c758a686/elf/dl-fini.c
fn=(532) _dl_sort_fini
33 9
+2 1
-2 4
+2 1
+6 1
-1 2
+2 1
-1 1
-1 2
+1 4
+1 1
cfi=(36)
cfn=(116)
calls=1 -12 
* 16
* 1
+15 8
+62 5
+3 27
cfi=(36)
cfn=(116)
calls=3 -92 
* 30
* 12
-75 6
-1 9
+1 3
+4 9
+71 1
-75 2
-1 3
+1 1
+4 11
+6 4
+1 4
-1 4
+1 7
+2 12
+1 6
-1 12
+1 9
+3 21
-1 30
+31 18
+21 6
-57 12
+61 16
+7 8

fn=(530) _dl_fini
132 3
+12 1
-12 5
+19 1
-6 1
+9 10
+3 2
cfi=(2)
cfn=(50)
calls=1 917 
* 2
+3 2
+3 2
+2 7
+11 3
+2 2
+3 9
+11 2
+2 10
+4 5
+2 5
-2 10
+6 5
-5 5
-7 15
+19 6
cfn=(532)
calls=1 33 
* 340
+9 2
cfi=(2)
cfn=(52)
calls=1 923 
* 2
+4 4
+2 1
+2 3
-2 4
+2 12
+3 10
+3 15
+4 6
+7 6
+4 3
+1 3
-1 3
+2 6
+1 9
+1 6
cob=(4)
cfi=(55)
cfn=(572) 0x00000000000056f0
calls=1 0 
* 1418
cob=(5) /usr/sup/valgrind-3.11.0/lib/valgrind/vgpreload_core-amd64-linux.so
cfi=(61) ???
cfn=(546) 0x0000000000000600
calls=1 0 
* 1132
cob=(6)
cfi=(69)
cfn=(534) 0x0000000000400a70
calls=1 0 
* 17
-1 9
+5 9
+1 9
cob=(2)
cfi=(16)
cfn=(592)
calls=1 0 
* 3
cob=(2)
cfi=(16)
cfn=(570)
calls=1 0 
* 3
cob=(2)
cfi=(16)
cfn=(544)
calls=1 0 
* 3
+5 30
+16 10
-55 11
-70 2
284 6
-49 4
+55 2
+7 8

fl=(2)
fn=(152) init_tls
803 1
-1 1
-6 1
+2 2
+4 1
+10 2
-4 1
+4 2
cfi=(17)
cfn=(36)
calls=1 102 
* 43
* 1
-1 1
+6 1
-9 1
+11 1
+6 1
-1 1
+1 12
+2 10
+4 1
+2 1
-2 2
-5 10
+12 1
cfi=(27)
cfn=(154) _dl_determine_tlsoffset
calls=1 144 
* 56
+7 1
cfi=(27)
cfn=(156) _dl_allocate_tls_storage
calls=1 349 
* 455
+1 1
-1 1
+1 1
+6 1
+8 1
-8 1
+8 6
+4 2
+3 2

fn=(2)
441 9
+18 4
fi=(3)
44 1
fe=(2)
459 1
fi=(5)
59 3
fi=(3)
-15 1
fe=(2)
488 1
-3 1
fi=(3)
44 1
+17 2
-3 1
-7 1
+5 1
+3 1
+2 1
-3 1
-3 1
-3 2
-5 28
+15 14
-18 42
+18 1
-18 3
+2 40
+5 24
+1 20
+10 5
-18 15
+25 2
+20 4
+1 4
+1 4
+1 4
+2 4
+5 4
+1 4
+1 4
fe=(2)
621 34
fi=(4)
111 1
-28 1
+28 2
fi=(5)
515 3
fi=(4)
111 2
fi=(5)
515 1
fi=(4)
111 1
fi=(5)
515 27
fi=(4)
111 18
fi=(5)
515 9
fi=(4)
111 9
+13 1
fi=(5)
327 1
fi=(4)
124 2
+13 1
+2 2
-2 1
fi=(5)
281 1
fi=(4)
137 1
fi=(5)
309 1
fi=(4)
137 2
fi=(5)
309 1
fi=(4)
137 8
+2 16
-2 8
fi=(5)
281 8
fi=(4)
137 8
fi=(5)
309 8
fi=(4)
137 16
fi=(5)
309 8
+9 18
+3 9
-3 18
+3 27
+6 54
fi=(3)
53 4
+3 4
+3 4
+1 1
+1 2
fe=(2)
378 1
623 1
378 1
cfi=(6)
cfn=(10)
calls=1 865 
* 23
+1 2
+1 2
+1 2
+1 2
+20 1
+9 1
-9 3
+9 1
-6 1
-3 1
+9 1
cfi=(7) /usr/src/debug/glibc-2.17-c758a686/elf/../elf/dl-sysdep.c
cfn=(12) _dl_sysdep_start
calls=1 86 
* 162018
* 1
+9 4
+3 1
+4 1
-4 1
+4 1
648 9
fi=(5)
416 9
+9 9
fi=(4)
124 28
fe=(2)

fn=(50)
917 12

fn=(52)
923 12

fn=(144)
736 2
+2 4
cfi=(41)
cfn=(146)
calls=1 381 
* 4213
* 2
+4 2

fn=(24) dl_main
1005 1
+19 1
-19 4
2598 1
1005 6
+19 1
+3 1
2598 1
1005 1
+22 1
+4 2
+1 2
+5 2
2591 2
+7 1
-5 1
+5 4
+5 1
cfi=(12) /usr/src/debug/glibc-2.17-c758a686/elf/dl-tunables.c
cfn=(26) _dl_process_tunable_env_entries
calls=1 37 
* 259
* 1
-9 4
+11 2
cfi=(13)
cfn=(28)
calls=1 30 
* 174
* 4
cfi=(13)
cfn=(28)
calls=2 30 
* 100
* 9
+4 48
+1 19
-1 57
+3 4
+6 16
2766 3
+30 3
1045 2
-2 1
+2 1
1241 7
cfi=(15)
cfn=(32)
calls=1 62 
* 244
* 1
+3 1
+1 1
+5 2
-5 1
+1 1
1014 1
1246 1
+4 1
cfi=(15)
cfn=(48)
calls=1 33 
* 34
* 3
+30 1
-3 1
-5 1
+1 1
+2 1
+5 6
+56 2
1011 1
1336 2
-55 24
-1 27
+1 47
-1 2
1383 3
+3 2
+2 2
+2 2
+13 2
+1 8
cfi=(19)
cfn=(54)
calls=1 134 
* 7
* 3
+11 1
-4 1
+1 1
-3 1
+6 1
+6 2
fi=(3)
29 1
+9 2
+6 1
-2 1
+2 2
+7 1
+5 1
+3 1
+2 1
-3 1
-3 1
-3 14
+10 3
-18 9
+8 21
+10 21
-18 63
+2 48
+5 12
+18 3
+67 3
+14 3
+18 2
fe=(2)
1426 2
cfi=(6)
cfn=(10)
calls=1 865 
* 14
+3 2
fi=(20) /usr/src/debug/glibc-2.17-c758a686/elf/setup-vdso.h
24 2
fe=(2)
1451 1
cfi=(21)
cfn=(60)
calls=1 45 
* 93
* 8
1285 3
+1 1
+90 2
+1 2
+1 1
-6 2
+1 1
-37 2
-1 2
+1 4
-1 2
+2 4
+1 1
+3 2
+1 2
-1 2
+1 2
+1 2
+1 6
+1 2
-45 1
+9 1
-9 1
+9 1
-7 1
+25 1
-25 1
-3 1
+10 1
-19 3
+1 1
2693 4
+1 4
cfi=(14)
cfn=(30)
calls=1 319 
* 120
* 2
+2 3
-57 4
cfi=(14)
cfn=(30)
calls=1 319 
* 26
* 2
+7 4
cfi=(14)
cfn=(30)
calls=1 319 
* 80
* 2
+2 3
1456 2
cfi=(23)
cfn=(64)
calls=1 710 
* 1908
+3 3
cfi=(26)
cfn=(76)
calls=1 51 
* 17
+7 1
-7 1
+2 1
+5 1
+3 3
+1 1
+3 1
-3 3
+1 2
+3 1
+5 1
-7 1
+7 1
+1 5
+4 1
+4 1
-2 4
+1 2
+1 3
+5 2
+1 6
+2 2
+1 2
+5 2
+6 4
+1 2
-2 1
1020 1
1688 1
cfi=(27)
cfn=(78) _dl_count_modids
calls=1 111 
* 4
* 1
+8 3
+3 2
+4 3
+7 1
+4 3
+19 3
+16 3
cfi=(32)
cfn=(122)
calls=1 81 
* 9
* 2
+77 4
+17 3
+1 1
-1 1
+1 2
-1 1
+1 5
cfi=(37)
cfn=(124)
calls=1 147 
* 15704
+1 1
+5 1
-5 3
+2 2
+3 4
+1 4
-1 2
+1 16
-1 8
+4 3
+1 3
+1 1
+2 2
+1 5
-1 5
+1 6
-1 9
1445 3
1735 3
+1 1
-1 2
+1 1
cfn=(82) handle_ld_preload
calls=1 970 
* 3589
* 1
+1 4
+2 3
1872 1
-1 2
+1 1
+2 1
+2 3
+2 1
-4 1
+4 2
+15 2
+1 3
+13 1
-2 1
+2 1
-2 1
+2 1
-1 1
-1 2
+2 1
cfi=(29)
cfn=(142)
calls=1 197 
* 4253
+10 1
+1 1
-1 1
+1 1
+1 1
cfn=(152)
calls=1 803 
* 626
* 1
+2 2
932 1
fi=(108) /usr/src/debug/glibc-2.17-c758a686/elf/../sysdeps/unix/sysv/linux/dl-osinfo.h
86 2
fe=(2)
934 1
fi=(108)
112 1
fe=(2)
943 1
+7 1
-5 1
1926 2
2159 3
+56 1
+4 1
+7 1
-11 1
+4 3
+4 2
+3 1
+8 2
+99 4
+2 1
+5 2
cfi=(27)
cfn=(214) _dl_allocate_tls_init
calls=1 443 
* 238
+4 2
+16 2
+29 1
cfi=(7)
cfn=(216) _dl_sysdep_start_cleanup
calls=1 251 
* 1
+4 3
+20 3
cfi=(26)
cfn=(76)
calls=1 51 
* 8
+1 1
-1 1
+2 1
cfi=(26)
cfn=(80)
calls=1 75 
* 1
+1 1
+4 1
cfi=(39)
cfn=(218)
calls=1 316 
* 15
+5 8
-65 2
+15 1
+3 1
-3 1
+3 1
-3 2
+3 2
-3 1
+2 1
+1 1
cfi=(42)
cfn=(158)
calls=1 148 
* 10158
+1 4
+2 3
2280 3
+7 1
+2 11
+2 1
+2 15
+5 10
+2 10
+8 5
-2 5
+2 10
+1 32
cfi=(42)
cfn=(158)
calls=4 148 
* 122578
+4 17
-22 14
+25 4
+2 1
+6 1
-6 1
+6 1
-22 1
+1 1
-3 2
+14 2
cfi=(27)
cfn=(188) _dl_add_to_slotinfo
calls=1 879 
* 24
* 2
2209 1
1013 2
1890 3
-21 2
1708 2
+1 1
cfi=(26)
cfn=(80)
calls=1 75 
* 1
* 1
1830 1
+1 1
-1 7
+4 1
+1 1
-1 1
+2 2

fn=(88)
877 14

fn=(92)
704 2
+2 7
cfi=(23)
cfn=(94)
calls=1 2094 
* 2569
* 1
+2 2

fn=(82)
970 7
+1 1
-1 1
-75 1
+86 1
-11 1
-75 6
+80 3
fi=(28) /usr/src/debug/glibc-2.17-c758a686/elf/../string/bits/string2.h
+9 3
+1 5
-1 264
+1 132
+1 66
-2 66
+2 66
-2 199
+2 1
-2 3
fe=(2)
-5 3
+10 4
108 3
992 2
890 1
+5 5
-10 1
+4 1
+1 1
+1 1
+2 1
+2 1
cfi=(29)
cfn=(86)
calls=1 159 
* 2639
+1 2
+8 3
+89 1
-18 3
+21 9
-15 4
cfi=(18)
cfn=(46)
calls=1 61 
* 74
* 1
+1 3

fl=(25)
fn=(70)
40 10
+1 10
+1 10
+1 10
+1 6
+1 6
+3 6
+1 6
+1 6
-2 24
+1 24
+1 24
+1 30
+1 30
+1 30
+1 30
+1 30
+9 10
+1 10
+1 10
+2 20
+32 10
+1 10
+1 10
+1 10
+2 10
+3 10
-8 2
+1 2
+1 2
+1 2
+2 2
+3 2
+1 12
+1 12
+1 12
+2 12
+5 11
+1 11
+1 11
+3 11
+1 10
+1 10
+1 10
+2 10
+3 6
+1 6
+1 6
+1 6
+2 6
+3 6
+1 6
+1 6
+1 6
+2 6
+5 6
+1 6
+1 6
+3 6
+1 6
+1 6
+1 6
+2 6
+2 4
+1 4
+1 4
+1 4
+2 4
+3 4
+1 4
+1 4
+1 4
+2 4
+5 4
+1 4
+1 4
+3 4
+1 4
+1 4
+1 4
+2 4
+2 3
+1 3
+1 3
+1 3
+2 3
+3 3
+1 3
+1 3
+1 3
+2 3
+5 3
+1 3
+1 3
+3 3
+1 3
+1 3
+1 3
+2 3
+4 9
+1 9
+11 1
+1 1
+1 1
+1 1
+47 1
+1 1

fl=(27)
fn=(140)
52 3
+48 2
+4 1

fn=(188)
879 6
+6 1
+3 2
+5 5
+41 1
+1 3
+1 6

fn=(156)
349 1
+13 1
-13 2
+2 1
+11 2
cfi=(17)
cfn=(44) __libc_memalign
calls=1 51 
* 78
* 1
+1 1
-1 1
+1 1
+7 1
+4 306
-58 1
+1 1
-1 1
+1 2
cfi=(17)
cfn=(36)
calls=1 102 
* 43
* 1
+1 2
+9 1
-6 1
+6 1
+64 5

fn=(214)
443 7
+1 1
-1 1
+1 1
+4 1
+6 2
-6 2
+6 2
+12 1
-15 1
-1 2
+21 6
+6 12
+3 1
+1 2
+7 1
+2 1
-2 2
+2 3
+1 1
+3 2
-1 2
+18 1
-2 1
-8 1
+8 2
-8 1
+8 1
cfi=(18)
cfn=(68)
calls=1 61 
* 23
* 4
cfi=(36)
cfn=(116)
calls=1 30 
* 134
* 2
-38 3
+52 2
+2 1
+1 8

fn=(78)
111 2
+1 2

fn=(154)
144 1
+34 1
-34 1
+34 2
-45 1
+1 1
+2 1
-3 1
+2 1
-2 1
+43 1
-43 2
+50 1
-1 1
+5 2
-4 1
-1 1
+7 1
-7 1
+3 2
+2 1
+2 1
-2 2
+16 5
+2 1
+1 1
-1 2
+4 1
+6 1
-12 1
-25 5
+40 1
+53 4
-1 1
+1 3
-52 1
+52 1

fl=(11) /usr/src/debug/glibc-2.17-c758a686/elf/../misc/sbrk.c
fn=(22) sbrk
34 4
+8 6
+4 2
+11 5

fl=(7)
fn=(12)
86 7
+25 1
-1 1
+1 1
-25 1
+25 129
+6 1
-3 1
+1 1
-4 1
+3 1
+3 7
+1 3
-1 3
-29 1
-1 2
+31 108
-1 86
fi=(21)
-82 2
cfi=(8)
cfn=(14)
calls=1 -4 
* 12
fi=(5)
238 5
fi=(9) /usr/src/debug/glibc-2.17-c758a686/elf/../sysdeps/x86/cpu-features.c
45 2
+3 1
-3 1
+3 5
203 3
+4 2
+2 4
fe=(7)
+17 1
fi=(9)
+23 1
+1 1
+1 1
fe=(7)
-25 1
+1 1
cfi=(10)
cfn=(20)
calls=1 28 
* 39
* 1
+2 2
cfi=(11)
cfn=(22)
calls=1 34 
* 17
* 3
+12 3
+3 6
cfi=(2)
cfn=(24)
calls=1 1005 
* 161452
+1 1
+1 8
-95 1
+1 1
+27 1
+1 1
-17 1
+1 1
-7 1
+1 1
-4 1
+1 1
-25 1
+1 1
-4 1
+1 1
-7 1
+1 1
+2 1
+1 1
fi=(9)
+71 8
+17 2
+1 1
+6 3
+5 3
+16 2
+3 2
59 1
-31 2
+4 1
-4 1
+5 1
-1 1
+31 1
-30 1
+30 1
-31 1
+27 1
-26 1
+26 1
+4 1
+1 1
-36 2
+3 1
+33 1
+5 2
+86 3
+1 3
+4 3
+1 2
+32 2
72 1
+1 8
+35 2
+22 3
fe=(7)

fn=(216)
251 1

fl=(30)
fn=(90)
26 6
+9 6
+1 12
+1 6
+4 6
+1 6
+1 6
+1 6
+1 6
+2 12
+2 6
+1 6
+1 6
+2 12
+2 6
+4 6
+1 6

fl=(33)
fn=(110)
36 4
-1 4
+1 4
+1 24
+4 4

fl=(60)
fn=(224)
90 10
+5 1
-4 1
-1 1
+2 1
+3 2
+7 6
+28 3
+1 4
-97 3
+97 16
-97 12
+9 4
-3 8
+3 12
+5 9
+5 4
+8 4
+2 4
+4 8
cob=(2)
cfi=(16)
cfn=(258)
calls=1 -67 
* 6
cob=(3)
cfi=(62) /usr/src/debug/glibc-2.17-c758a686/csu/../csu/init-first.c
cfn=(238) _init
calls=1 -15 
* 148
+4 2
+1 4
+6 4
+2 4
-2 2
+3 12
+1 8
cob=(4)
cfi=(55)
cfn=(262) 0x0000000000005730
calls=1 -82 
* 16
cob=(3)
cfi=(67) /usr/src/debug/glibc-2.17-c758a686/string/../sysdeps/x86_64/cacheinfo.c
cfn=(248) init_cacheinfo
calls=1 478 
* 1877
* 2
-1 8
+49 10
+4 1
+1 8
-86 4
-15 3
+9 1
-3 2
+3 3
+5 3
+5 2
+8 2
+2 2
+4 5
cob=(2)
cfi=(16)
cfn=(226)
calls=1 -67 
* 6
* 1
+4 1
+1 2
+6 2
+2 2
-2 1
+3 6
+1 4
cob=(5)
cfi=(61)
cfn=(230) 0x0000000000000640
calls=1 -82 
* 17
* 1
-1 4
+17 2
-54 3

fl=(22)
fn=(62)
81 4
+1 1

fl=(38)
fn=(130)
36 8
-1 8
+1 8
+1 48
+4 2
-4 24

fl=(18)
fn=(46)
61 19
+2 19
+2 19
+3 19
+1 19
+2 6
+1 6
+2 6
+1 6
+5 6
+1 6
-1 13
+1 13
+2 2
+1 2
+2 2
+1 4
+5 2
+1 2
-1 17
+1 17
+2 3
+1 3
+2 3
+1 3
+5 3
+1 3
-1 16
+1 16
+2 9
+1 9
+2 9
+1 9
+5 9
+1 9
-1 10
+1 19
+5 9
+1 9
+1 9
+1 9
+2 9
+2 9
+1 9
+2 9
+8 19
+8 4
+6 4
+2 4
+1 4
+3 1
+1 3
+5 1
+1 1
+2 1
+2 1
+1 1
+2 1
-8 1
+1 1
+2 1
+2 1
+1 1
+2 3
+9 1
+1 1
-1 3
+1 3
+3 4
+1 4
+1 4
+5 4
+2 4
+1 4
+1 4
+1 4
+2 4
+1 4
+1 4
+1 4
+2 4
+1 4
+2 4
+2 3
+2 3
+1 3
+1 3
+1 3
+2 3
+1 3
+1 3
+1 3
+2 3
+1 3
+2 9
+5 3
+6 3
+1 3
-7 1
+6 1
+1 1

fn=(68)
61 32
+4 32
+3 32
+1 32
+2 13
+1 13
+2 13
+1 13
+5 13
+1 13
-1 19
+1 19
+2 19
+1 19
+2 19
+1 19
+5 19
+1 19
-1 13
+1 13
+2 12
+1 12
+2 12
+1 12
+5 12
+1 12
-1 20
+1 20
+2 18
+1 18
+2 18
+1 36
+5 18
+1 18
-1 14
+1 17
+5 3
+1 3
+1 3
+1 3
+2 3
+2 3
+1 3
+2 3
+6 32
+4 32
+12 1
+2 1
+1 1
+26 1
+1 1
+3 1
+1 1
+1 1
+5 1
+2 1
+1 1
+1 1
+1 1
+2 1
+1 1
+1 1
+1 1
+2 1
+1 1
+2 1
+2 1
+2 1
+1 1
+1 1
+1 1
+2 1
+1 1
+1 1
+1 1
+2 1
+1 1
+2 3
+5 1
+2 1

fl=(36)
fn=(116)
30 12
+1 12
+1 12
+1 2164
+1 12
+1 12

fl=(12)
fn=(26)
37 1
-8 1
+8 1
+1 4
+4 83
+1 1
-1 4
+3 2
+12 40
-19 120
+22 2

fl=(35)
fn=(114)
81 32
+1 8

fn=(220)
81 4
+1 1

fl=(17)
fn=(44)
51 108
+1 133
+11 26
+1 26
-1 26
+3 26
-3 26
+3 52
-3 1
+1 1
-1 1
+3 1
-3 1
+3 98
+4 12
+1 9
+6 21
cfi=(34)
cfn=(112)
calls=3 -45 
* 99
+2 15
+4 9
+3 3
+1 3
+2 15
-3 24
+1 24
+2 192
-31 3
+1 1
-2 3

fn=(36)
102 10
+7 30
-3 10
+3 20
+4 10
cfn=(40)
calls=10 -20 
* 441
* 10

fn=(40)
93 26
+1 52
cfn=(44)
calls=26 -43 
* 881
* 26

fn=(74)
340 3
+1 6
+4 64
+7 156
-2 106
+4 2
+6 26
-15 79
+18 1
+4 1
-4 1
+4 2
-11 2
+1 1

fl=(14)
fn=(30)
319 17
+3 17
-3 85
+4 17
-4 17
+7 34
+4 15
+2 1
+1 1
+1 1
+1 1
+2 2
-5 1
+1 1
+1 1
+1 1
+2 2
+2 2
-9 6
+16 5
+1 10
-1 10
133 14
-18 6
350 4
+4 3
+2 3
-2 6
+1 3
+5 30
+2 13
+1 13
+1 13
+3 143
-3 81
-2 81
+1 81
+4 162
-7 182
+12 12
+1 136
232 3
-7 3
+1 3
+4 3
+2 3
-6 3
+4 3
+2 15
-95 2
+1 2
+1 2
+1 2
+1 2
+48 2
-2 2
+1 2
+1 14
-80 2
+1 4
+4 4
-5 8
+1 16
+4 18
238 3
+2 3
-4 3
+1 3
+4 3
-2 3
+56 6
-2 3
+2 6
-1 3
+1 6
+1 6
+12 18
+1 6
-6 6

ob=(4)
fl=(59)
fn=(206)
25 1
+1 1
+1 1
+1 1
+2 1

fl=(52)
fn=(192)
20 8

fl=(58)
fn=(204)
25 1
+1 1
+1 1
+1 1
+2 1

fl=(51)
fn=(190)
15 8

fl=(56)
fn=(200)
25 1
+1 1
+1 1
+1 1
+2 1

fl=(55)
fn=(572)
0 8
cob=(1)
cfi=(70)
cfn=(281)
calls=1 70 
0 1392
0 5
0 1
cfn=(586) 0x0000000000005680
calls=1 0 
0 9
0 3

fn=(210)
0 8

fn=(198)
0 8

fn=(262)
0 16

fn=(212)
0 8

fn=(586)
0 9

fl=(53)
fn=(194)
25 1
+1 1
+1 1
+1 1
+2 1

fl=(57)
fn=(202)
10 5

fn=(208)
16 5

fl=(54)
fn=(196)
8 5

ob=(6)
fl=(69)
fn=(294) __libc_csu_init
0 16
cob=(2)
cfi=(16)
cfn=(296)
calls=1 0 
0 6
0 7
cfn=(300) 0x0000000000400a90
calls=1 0 
0 17
0 11

fn=(272)
0 11
cob=(1)
cfi=(70)
cfn=(280)
calls=1 70 
0 3825550254
0 5

fn=(534)
0 5
cfn=(538) 0x00000000004009e0
calls=1 0 
0 9
0 3

fn=(300)
0 17

fn=(376) Stack_push
0 15961044
cfn=(374) Mem_alloc
calls=1451004 0 
0 175120229
0 13059036

fn=(454) Stack_empty
0 12733506

fn=(502) Stack_free
0 180858
cfn=(458) Mem_free
calls=36169 0 
0 3472224
0 4
cfn=(458)
calls=1 0 
0 96
0 72344
cfn=(458)
calls=1 0 
0 96
0 5

fn=(374)
0 15961055
cob=(3)
cfi=(79)
cfn=(326)
calls=1451005 2886 
0 144649333
0 1451005
0 13059045

fn=(372) Stack_new
0 5
cfn=(374)
calls=1 0 
0 209
0 4

fn=(456) Stack_pop
0 19807676
cfn=(458)
calls=1414834 0 
0 135824661
0 4244502

fn=(458)
0 5804020
cob=(3)
cfi=(79)
cfn=(464)
calls=1451004 2922 
0 129138700
cob=(1)
cfi=(70)
cfn=(281)
calls=1 70 
0 1338
0 1451009
0 2902010

fn=(538)
0 9

fl=(91) /h/jisken01/Desktop/comp40/um/profiling/memory.c
fn=(378) load_file
107 10
+8 3
cob=(3)
cfi=(79)
cfn=(326)
calls=1 2886 
* 188
* 1
* 1
+4 2
cob=(1)
cfi=(70)
cfn=(281)
calls=1 -49 
* 1495
* 5
* 1
+1 2
-8 1
-1 1
-1 2
+9 240880
cob=(3)
cfi=(92)
cfn=(384)
calls=120440 -83 
* 4457925
* 120440
* 120440
+1 361320
+2 240880
+1 66
cob=(3)
cfi=(79)
cfn=(418)
calls=10 2956 
* 26325
cob=(1)
cfi=(70)
cfn=(281)
calls=1 -53 
* 1336
* 15
* 22
+2 11
+3 240880
+1 120440
+3 30110
-1 30110
-1 30110
+4 30110
-17 60220
+17 90331
-17 180662
+20 7
cob=(3)
cfi=(79)
cfn=(418)
calls=1 2956 
* 97
* 1
* 1
+2 3
+2 8

fn=(466) unmap_seg
99 5640180
+1 5640180
cfi=(69)
cfn=(376)
calls=1410045 0 
* 195381388
+1 4230135
cob=(3)
cfi=(79)
cfn=(464)
calls=1410045 2922 
* 125289857
* 1410045
+1 2820090
+2 5640180

fn=(436) get_word
61 522659130
+2 104531826

fn=(498) free_mem
45 4
+1 3
+2 204800
+1 4790
cob=(3)
cfi=(79)
cfn=(464)
calls=4790 2922 
* 426781
* 4790
-3 122880
+7 2
cob=(3)
cfi=(79)
cfn=(464)
calls=1 2922 
* 42
* 1
+1 2
cfi=(69)
cfn=(502)
calls=1 -54 
* 3725627
+1 2
cob=(3)
cfi=(79)
cfn=(464)
calls=1 2922 
* 89
* 1
+2 4

fn=(452) map_seg
72 12733506
+2 2829668
cfi=(69)
cfn=(454)
calls=1414834 -74 
* 12733506
* 2829668
+1 48
cob=(3)
cfi=(79)
cfn=(418)
calls=12 2956 
* 183615
* 12
* 12
+2 48
+2 122850
+1 81900
cfi=(69)
cfn=(376)
calls=40950 -80 
* 8756860
-2 40950
-1 163800
+5 12
+3 24
cfi=(69)
cfn=(456)
calls=12 -85 
* 1308
* 2829644
cfi=(69)
cfn=(456)
calls=1414822 -85 
* 159875531
* 1414834
+1 9903838
cob=(3)
cfi=(79)
cfn=(326)
calls=1414834 2886 
* 138317086
* 1414834
* 1414834
+1 5659336
+1 5659336
-1 4244502
+1 28378224
-1 21283668
+4 5659336
+5 12733506

fn=(370) new_mem
25 6
+1 2
cob=(3)
cfi=(79)
cfn=(326)
calls=1 2886 
* 188
* 1
* 1
+1 1
cfi=(69)
cfn=(372)
calls=1 -27 
* 218
* 1
+1 3
cob=(3)
cfi=(79)
cfn=(326)
calls=1 2886 
* 188
* 1
* 1
+3 2
+1 18
+1 18
+1 27
cfi=(69)
cfn=(376)
calls=9 -34 
* 2061
* 9
-3 21
+1 5
+6 1
+3 7

fn=(442) set_word
67 97204488

fl=(90) /h/jisken01/Desktop/comp40/um/profiling/emulator.c
fn=(440) store
292 16200748
+2 16200748
-1 129605984
cfi=(91)
cfn=(442)
calls=16200748 67 
* 97204488
+2 32401496

fn=(444) load
298 38922608
+1 175151736
cfi=(91)
cfn=(436)
calls=19461304 61 
* 116767824
* 19461304
+2 38922608

fn=(468) output
272 724
+1 724
+1 905
cob=(3)
cfi=(99)
cfn=(474)
calls=180 29 
* 69266
cob=(1)
cfi=(70)
cfn=(281)
calls=1 70 
* 1871
* 185
+1 724

fn=(364) new_em
100 4
+1 2
cob=(1)
cfi=(70)
cfn=(281)
calls=1 -31 
* 1510
* 5
* 1
+1 2
cob=(3)
cfi=(79)
cfn=(326)
calls=1 2886 
* 188
* 1
* 1
+1 2
cfi=(91)
cfn=(370)
calls=1 -78 
* 2780
* 2
+2 3
-1 2
+1 21
-1 14
+3 1
+1 3
cfi=(91)
cfn=(378)
calls=1 -1 
* 6384462
+4 5

fn=(434) run
124 2
+9 4
cfi=(91)
cfn=(436)
calls=1 -72 
* 6
* 340282084
cfi=(91)
cfn=(436)
calls=85070521 -72 
* 510423126
+1 170141044
+2 340282088
+8 195322200
+1 32553700
+1 32553700
+7 24997763
cfn=(438) load_program
calls=3571109 +97 
* 32139981
+1 3571109
+10 724
cfn=(468)
calls=181 272 
* 74399
+1 181
+1 181
+4 7050225
cfi=(91)
cfn=(466)
calls=1410045 -71 
* 346052055
+1 1410045
+1 1410045
+5 9903838
cfn=(450) map
calls=1414834 278 
* 463318474
+1 1414834
+1 1414834
+9 42958900
cfn=(446) nand
calls=4295890 +99 
* 38663010
+1 4295890
+1 4295890
+6 1192352
+1 340672
-1 681344
+2 170336
+1 170336
+6 734405
+1 104915
-1 314745
+2 104915
+1 104915
+6 21987280
+1 3141040
-1 9423120
+2 3141040
+1 3141040
+6 162007480
cfn=(440)
calls=16200748 +69 
* 291613464
+1 16200748
+1 16200748
+6 194613040
cfn=(444)
calls=19461304 +67 
* 389226080
+1 19461304
+1 19461304
+6 27464190
cfn=(448) cond_move
calls=2746419 +66 
* 23581015
+1 2746419
+1 2746419
+4 2

fn=(438)
250 14284436
+2 14284436
+5 3571109

fn=(446)
287 4295890
+1 4295890
-1 8591780
+1 21479450

fn=(448)
305 10985676
+1 12595339

fn=(450)
278 7074170
+2 7074170
cfi=(91)
cfn=(452)
calls=1414834 72 
* 439266296
+1 4244502
+1 5659336

fn=(496) free_em
115 2
+1 2
cob=(3)
cfi=(79)
cfn=(464)
calls=1 2922 
* 89
* 1
+1 2
cfi=(91)
cfn=(498)
calls=1 -72 
* 4489818
+1 2
cob=(3)
cfi=(79)
cfn=(464)
calls=1 2922 
* 89
* 1
+2 2

fl=(77) /h/jisken01/Desktop/comp40/um/profiling/um.c
fn=(314) main
12 3
+1 2
+5 3
cob=(1)
cfi=(70)
cfn=(281)
calls=1 +52 
* 59112
* 5
* 1
+1 2
cfi=(90)
cfn=(364)
calls=1 +81 
* 6389009
* 1
+1 2
cfi=(90)
cfn=(434)
calls=1 124 
* 3814605000
+1 2
cfi=(90)
cfn=(496)
calls=1 +94 
* 4490008
+1 2
cob=(1)
cfi=(70)
cfn=(281)
calls=1 +48 
* 1793
* 5
+1 1
+1 4

ob=(5)
fl=(61)
fn=(546)
0 8
cob=(1)
cfi=(70)
cfn=(281)
calls=1 70 
0 1106
0 5
0 1
cfn=(564) 0x0000000000000570
calls=1 0 
0 9
0 3

fn=(230)
0 17

fn=(564)
0 9

ob=(3)
fl=(97) /usr/src/debug////////glibc-2.17-c758a686/string/../sysdeps/x86_64/memcpy.S
fn=(426) __GI_memcpy
61 12
+2 12
+2 12
+3 8
+1 8
+11 8
+1 8
+11 8
+1 8
+11 8
+1 8
+2 8
+1 8
+2 8
+1 8
+5 8
+1 9
+5 1
+1 1
+1 1
+1 1
+2 1
+2 1
+1 1
+2 1
+8 8
+8 12
+6 12
+2 12
+1 12
+26 12
+1 12
+3 4
+1 4
+1 4
+5 19
+2 19
+1 19
+1 19
+1 19
+2 19
+1 19
+1 19
+1 19
+2 19
+1 19
+2 19
+2 18
+2 18
+1 18
+1 18
+1 18
+2 18
+1 18
+1 18
+1 18
+2 18
+1 18
+2 24
+5 3
+6 3
+1 3
-7 1
+6 1
+1 1
+19 8
+1 8
+1 8
+5 8
+1 8
+4 8
+1 8
+2 10604
+1 8
+6 8
+1 8
+1 8
+3 4
+6 4
+1 4
+2 4
+13 4
+1 4
+1 4
+3 4
+1 4
+1 4
+1 4
+2 4
+2 4
+2 4
+2 4
+3 4
+1 4
+69 1248
+2 1248
+1 1248
+1 1248
+1 1248
+1 1248
+1 1248
+1 1248
+1 1248
+2 1248
+1 1248
+2 1248
+1 1248
+1 1248
+1 1248
+1 1248
+1 1248
+1 1248
+1 1248
+2 1248
+1 1248
+2 1248
+2 1248
+2 1248
+1 1248
+1 1248
+1 1248
+1 1248
+1 1248
+1 1248
+1 1248
+2 1248
+1 1248
+2 1248
+1 1248
+1 1248
+1 1248
+1 1248
+1 1248
+1 1248
+1 1248
+2 1248
+1 1248
+2 1248
+3 4
+2 4
+2 4
+2 4
+6 4
+1 4
+1 4
+2 4
+6 4
+1 4

fl=(76) /usr/src/debug/glibc-2.17-c758a686/setjmp/sigjmp.c
fn=(312) __sigjmp_save
29 2
-1 2
+1 2
+5 3

fl=(62)
fn=(238)
52 8
+6 6
+17 1
fi=(63) /usr/src/debug/glibc-2.17-c758a686/csu/../sysdeps/unix/sysv/linux/x86_64/init-first.c
-35 2
fe=(62)
+33 1
+1 1
fi=(63)
-34 1
-2 2
fe=(62)
+37 1
fi=(63)
-37 3
+2 1
cfi=(46) /usr/src/debug/glibc-2.17-c758a686/elf/../sysdeps/unix/sysv/linux/dl-vdso.c
cfn=(176) _dl_vdso_vsym
calls=1 -13 
* 7
+1 2
+5 2
-3 2
+1 1
+2 1
cfi=(46)
cfn=(176)
calls=1 -19 
* 7
fe=(62)
+43 1
fi=(63)
-39 1
fe=(62)
+39 2
fi=(63)
-39 2
+1 2
+1 1
fe=(62)
+37 1
cfi=(64) /usr/src/debug/glibc-2.17-c758a686/misc/init-misc.c
cfn=(242) __init_misc
calls=1 -59 
* 58
+8 1
cfi=(66) /usr/src/debug/glibc-2.17-c758a686/ctype/ctype-info.c
cfn=(246) __ctype_init
calls=1 -65 
* 16
+5 6
-35 1
-9 1
+9 4
fi=(63)
-25 2
fe=(62)

fl=(98) /usr/src/debug////////glibc-2.17-c758a686/misc/../sysdeps/unix/syscall-template.S
fn=(500) munmap
81 12
+1 3

fn=(432) mremap
81 10
+1 2

fl=(103) /usr/src/debug/glibc-2.17-c758a686/stdlib/exit.c
fn=(526) exit
99 1
-1 1
+1 2
cfn=(528) __run_exit_handlers
calls=1 -63 
* 3538

fn=(528)
36 9
+5 6
+4 3
-4 3
+4 3
+3 1
-1 1
+2 5
+33 1
+1 1
-1 1
+1 1
+6 2
+1 5
cfi=(86) /usr/src/debug/glibc-2.17-c758a686/libio/genops.c
cfn=(594) _IO_cleanup
calls=1 1007 
* 255
* 3
+2 2
cfi=(107) /usr/src/debug/glibc-2.17-c758a686/posix/../sysdeps/unix/sysv/linux/_exit.c
cfn=(604) _Exit
calls=1 -64 
* 5
-19 1
+4 2
-2 2
+2 1
cob=(1)
cfi=(104)
cfn=(530)
calls=1 +55 
* 3224
+1 1

fl=(107)
fn=(604)
28 2
+4 1
+2 2

fl=(72)
fn=(288)
134 7
+10 1
-10 3
+10 7
+62 1
-62 1
+62 1
+1 4
cfi=(73) /usr/src/debug/glibc-2.17-c758a686/stdlib/cxa_atexit.c
cfn=(290) __cxa_atexit
calls=1 56 
* 61
+22 6
+3 2
+1 5
cob=(6)
cfi=(69)
cfn=(294)
calls=1 0 
* 57
+4 4
+15 2
+9 2
cfi=(74) /usr/src/debug////////glibc-2.17-c758a686/setjmp/../sysdeps/x86_64/bsd-_setjmp.S
cfn=(308) _setjmp
calls=1 33 
* 30
+1 2
+5 2
+1 2
+3 2
+3 6
cob=(6)
cfi=(77)
cfn=(314)
calls=1 12 
* 3825544955
+34 2
cfi=(103)
cfn=(526)
calls=1 99 
* 3542

fl=(80) /usr/src/debug/glibc-2.17-c758a686/malloc/hooks.c
fn=(328) malloc_hook_ini
30 2
fi=(81) /usr/src/debug/glibc-2.17-c758a686/malloc/arena.c
385 3
fe=(80)
29 3
cfi=(81)
cfn=(330) ptmalloc_init.part.7
calls=1 383 
* 56394
* 1
+4 1
-1 1
cfi=(79)
cfn=(327) malloc'2
calls=1 2886 
* 1093

fn=(420) realloc_hook_ini
37 9
+1 1
fi=(81)
385 1
fe=(80)
39 1
-1 1
fi=(81)
385 2
fe=(80)
39 1
fi=(81)
385 1
fi=(79)
2964 2
+4 2
+4 2
+5 1
-2 1
+2 1
+2 1
-2 1
+2 2
+3 3
+6 4
+1 2
+7 8
+2 2
fe=(80)
42 9
fi=(79)
2980 1
+44 6
+4 6
cfn=(424) _int_realloc
calls=1 4215 
* 57
* 1
+2 4
+4 4
-66 2
fe=(80)

fl=(89) /usr/src/debug/glibc-2.17-c758a686/string/../string/strstr.c
fn=(360) __GI_strstr
53 8
+10 3
+2 2
+1 1
+23 8
-26 1
-5 2

fl=(65) /usr/src/debug////////glibc-2.17-c758a686/string/../sysdeps/x86_64/strrchr.S
fn=(244) __GI_strrchr
25 1
+1 1
+1 1
+1 1
+1 1
+1 1
+1 1
+1 1
+1 1
+1 1
+1 1
+1 1
+1 1
+1 1
+1 1
+1 1
+1 1
+1 1
+1 1
+1 1
+1 1
+1 1
+1 1
+13 1
+1 1
+1 1
+1 1
+7 1
+1 1
+1 1
+1 1
+1 1
+1 1
+1 1

fl=(46)
fn=(176)
27 4
-1 4
+1 4
+4 8
-3 8

fl=(83) /usr/src/debug/glibc-2.17-c758a686/malloc/morecore.c
fn=(340) __default_morecore
47 13
+1 13
cfi=(84) /usr/src/debug/glibc-2.17-c758a686/misc/sbrk.c
cfn=(342) sbrk
calls=13 -14 
* 718
+2 39
+2 39

fl=(85) /usr/src/debug/glibc-2.17-c758a686/misc/../sysdeps/unix/sysv/linux/x86_64/brk.c
fn=(344) brk
31 25
-3 25
+3 175
+8 25
-6 50
+7 25

fl=(105)
fn=(558)
30 6
+17 2
-17 10
+4 8
+4 12
-4 6
+32 8
+4 12
-4 6
+12 4
+3 2
-2 2
+2 12
-2 2
cfi=(106) /usr/src/debug/glibc-2.17-c758a686/nptl/../nptl/sysdeps/unix/sysv/linux/unregister-atfork.c
cfn=(560) __unregister_atfork
calls=2 -43 
* 14

fl=(74)
fn=(308)
33 1
+2 1
cfi=(75) /usr/src/debug////////glibc-2.17-c758a686/setjmp/../sysdeps/x86_64/setjmp.S
cfn=(310) __sigsetjmp
calls=1 -9 
* 28

fl=(79)
fn=(424)
4215 198
+21 88
+1 66
+15 44
+1 66
+1 44
+1 44
+6 44
+8 44
+11 22
+87 80
-96 11
-1 11
-1 22
+21 36
cfn=(334) _int_malloc
calls=12 3349 
* 139481
+1 12
-1 12
+1 12
+4 12
-1 12
+6 24
+11 12
+3 24
+3 24
+21 48
cfn=(428) _int_free
calls=12 3819 
* 1070
+29 12
-27 12
+27 84
-55 12
+6 24
cfi=(97)
cfn=(426)
calls=12 61 
* 66423
* 12
-46 50
+2 10
-2 10
+2 10
-2 20
+1 10
-1 10
+1 10
+1 10
+2 20

fn=(418)
2956 216
+7 48
+1 48
+4 46
+4 46
+5 23
-2 23
+2 23
+2 23
-2 23
+2 46
+3 63
+6 92
+1 46
+7 184
+2 46
2846 2
+1 2
-1 2
+12 2
-12 2
+9 10
+3 4
+3 20
cfi=(98)
cfn=(432)
calls=2 81 
* 12
+3 8
+9 2
-2 2
-5 2
+5 4
+2 2
+1 2
-3 2
+4 2
-1 2
+1 2
3004 2
+43 207
-67 25
+44 126
+4 126
cfn=(424)
calls=21 4215 
* 208245
* 21
+2 84
+4 84
2876 2
+92 46
-3 1
+82 7
-82 1
cfi=(80)
cfn=(420)
calls=1 37 
* 139

fn=(428)
3819 28658550
+13 8597565
+6 11463420
+1 5731710
+13 11463420
+13 5731710
+11 11463284
+1 8597463
1907 2865821
3901 2865821
1907 5731642
3903 8597463
+1 5731642
+1 2865821
+3 2865821
-3 2865821
+9 8597463
-5 8597463
+14 11360824
+2 2865821
+2 17194926
+2 11360824
4094 22926656
3940 68
3830 34
3941 68
+18 34
-4 34
+4 68
+6 68
+8 102
+6 68
+1 68
+1 68
1907 102
3990 68
+1 2
+2 2
-1 2
+2 20
+3 68
+5 66
+4 28
+9 28
-1 28
+2 56
-1 5
-1 5
+2 10
+7 33
-2 33
+1 33
+1 33
+2 8
+1 8
+2 8
+1 8
+2 24
+1 8
+30 16
-34 25
+1 25
+2 75
+1 25
+30 52
+1 4
+3 6
+16 68
+2 92
+10 184
3950 138
+2 46
+51 50
+1 10
+64 10
+2 4
cfn=(430) systrim.isra.2
calls=1 2750 
* 27
* 1
-27 1
+1 3
+1 2
-78 102
-2 68

fn=(326)
2886 11463380
+5 5731690
+1 5731690
+3 20060908
+2 8597532
cfn=(334)
calls=2865844 3349 
* 168333599
+3 2865844
-3 2865844
+3 2865844
+6 5731688
+1 11463376
+5 14329220
-17 17195064
+5 5731688
-7 1
+19 3
-19 1
cfi=(80)
cfn=(328)
calls=1 30 
* 57498

fn=(327)
2886 4
+5 2
+1 2
+3 7
+2 3
cfn=(334)
calls=1 3349 
* 1053
+3 1
-3 1
+3 1
+6 2
+1 4
+5 5
-17 6
+5 2

fn=(336) malloc_consolidate
4111 152
+22 38
+1 54
+12 18
5021 18
4136 18
+11 18
-1 18
5019 18
+2 18
-2 72
4149 36
+1 36
-1 324
+1 470
+21 432
+1 4335
+4 11366
+4 11366
-3 11366
+1 11366
+2 11366
+1 1362
+1 1362
+3 1362
+1 1362
+1 1362
-2 1362
+12 1362
-12 1362
+3 1362
+9 1362
-12 10004
+1 10004
+1 10004
-2 10004
+12 10004
-12 10004
+3 10004
+9 21337
-41 11333
-3 11333
+3 22666
+1 11333
+1 22666
+2 22666
-4 34
-3 34
+3 68
+1 34
+1 68
+2 68
+1 2623
+2 2623
-1 2623
+2 30259
+3 22734
+3 22732
+4 21868
+18 1
+1 1
+4 1
-4 1
+1 1
+3 1
+3 720
+6 145
-73 3
1829 3
-2 2
+2 378
-2 252
+6 3
+5 1
+2 1
-2 1
4206 8
1837 3

fn=(464)
2922 5732414
+1 5732414
+5 5732414
+5 2865845
-2 2865845
+2 5731690
+16 8597529
+1 8597529
cfn=(428)
calls=2865843 3819 
* 209002281
-14 6
+1 4
+1 2
+2 1
+1 1
-1 1
+1 1
+1 3
2817 2
+1 1
+6 1
-7 1
+7 6
-7 2
+1 1
+6 1
-7 1
+7 6
+7 2
+1 2
+5 2
cfi=(98)
cfn=(500)
calls=2 81 
* 10
* 362

fn=(334)
3349 2865857
-30 2865857
+30 2865857
-30 2865857
+30 2865857
-30 2865857
+30 8597571
-30 17195142
+30 5731714
+4 5731714
+14 5731714
+1 8597466
+1 2865822
+1 2865822
-1 5731644
+5 5731644
+3 14046580
+1 2809316
-1 2809316
+1 5618632
+26 113082
+1 113064
+1 113064
+2 169596
+1 14820
+3 7409
+1 14818
+5 7409
+1 7409
+1 7409
+2 22227
1900 2818255
3751 2818255
1900 5636510
3753 2818255
+58 22926856
3444 66
+1 18
+1 32
cfn=(336)
calls=8 4111 
* 62360
* 16
3796 8
5021 16
3796 24
+2 200
5019 8
+2 8
-2 24
3465 16
3796 49124
5021 98248
3796 147372
+2 1228100
5019 49124
+2 49124
-2 147372
3465 98268
+67 25683
+1 51366
+1 17122
+45 8561
+7 8561
-6 8561
+1 8561
+1 8561
+1 8561
+3 8561
-52 24
+45 24
+7 24
-6 24
+1 24
+1 24
+1 24
+3 24
3465 173181
+2 17918
-1 17918
+1 35836
+1 35836
+7 17918
+10 67510
+34 8991
-5 8991
+1 8991
+4 8991
+12 17170
+6 152
+1 7
+1 7
+3 14
+5 2
-3 2
+3 4
+5 1
-1 1
+1 1
+1 3
+4 3
+6 2
+10 2
-36 145
+1 11
+1 11
+3 22
-5 30
+1 6
+1 6
+3 12
+34 88
-39 36
-50 9562
-1 19124
+2 9538
-1 19076
+4 8927
+1 17854
+4 17854
-3 17854
+1 17854
+1 17854
+1 8927
+2 8080
+1 8080
+3 56560
+2 16160
-2 8080
+2 8080
+4 8080
1900 8080
3505 8080
1900 16160
3502 5929
+2 1694
-2 847
+2 847
+4 847
1900 847
3505 847
1900 96898
3537 14
+28 2
+30 79618
+70 39809
+1 39809
+1 39809
-1 39809
+1 39809
+1 79618
+1 79618
+5 159696
+2 116211
+2 154892
-2 116115
+2 154796
-2 77372
+2 116049
+95 38685
+3 38685
-2 77370
+2 77370
+16 48
+1 20
cfn=(336)
calls=10 4111 
* 314155
+2 10
+1 10
-1 10
3686 2106
+1 2106
-2 6690
+7 1239
+3 2478
+1 115
+1 115
+1 115
-2 460
+59 115
3521 406
-1 812
+1 1218
3380 14046580
3596 18
+3 27
3444 69
3678 124
+2 31
+1 62
-1 21
+1 42
3444 4
3702 1124
+8 2248
-8 3372
+5 1124
+3 1124
-3 1124
+3 9064
+3 2248
+1 1020
+1 2040
-37 63
+48 614
-5 614
+6 1228
+11 614
-6 614
+1 614
+1 614
+1 614
+3 614
+1 614
+1 1228
+2 23
+1 23
+2 161
+2 46
-2 23
+2 23
+1 46
-3 4137
+2 1182
-2 591
+2 591
+1 1182
3410 4
cfn=(336)
calls=1 4111 
* 666
* 3
+34 14
3805 56
cfn=(338) sysmalloc
calls=14 2278 
* 2261
+1 14
-1 14
+1 14
1900 56
3780 38661
-3 38661
+1 77322
+2 38661
-1 38661
+1 77322
+2 38661
-2 115983
+5 38661
-5 38661
+2 38661
1900 115983
3710 276

fn=(430)
2750 8
+10 2
-1 1
+1 1
+3 4
+2 2
+41 1
+1 8

fn=(338)
2278 126
+21 14
+11 14
-11 28
+11 14
+1 40
+79 12
+20 12
-19 24
+19 24
2716 24
+6 12
+3 12
-3 12
+3 24
+1 12
+3 36
-2 12
+2 24
+1 12
-1 12
-1 12
+1 12
+1 12
+2 12
+6 96
-6 2
+6 16
-21 24
2312 6
+14 8
+6 4
2461 24
+19 24
-19 60
+19 24
+8 12
-8 12
+8 12
2334 16
cfi=(95) /usr/src/debug/glibc-2.17-c758a686/misc/../sysdeps/unix/sysv/linux/wordsize-64/mmap.c
cfn=(400) mmap
calls=2 32 
* 66
+2 6
+34 2
-5 6
+5 8
+3 2
+1 2
-1 2
+1 2
+1 4
2489 72
cfi=(83)
cfn=(340)
calls=12 47 
* 777
+1 12
-1 12
+1 12
+3 48
+2 24
+1 24
+18 24
+25 24
+2 24
2392 12
2547 12
-6 12
+6 34
+1 55
+2 6
+42 3
+19 1
+3 2
+1 4
+3 1
-3 1
+3 2
cfi=(83)
cfn=(340)
calls=1 47 
* 45
+12 3
+5 2
+1 4
+35 1
+1 1
-2 1
+1 2
+12 1
-12 1
+1 2
+11 1
2371 4
2540 5
+10 2

fl=(99)
fn=(474)
29 1448
+4 181
-4 181
+5 181
-1 905
+1 543
cfi=(100) /usr/src/debug/glibc-2.17-c758a686/stdio-common/vfprintf.c
cfn=(476) vfprintf
calls=181 222 
* 66014
+4 362

fl=(78)
fn=(322) __fopen_internal
65 6
+8 1
-8 2
+8 1
cfi=(79)
cfn=(326)
calls=1 2886 
* 57511
* 1
+2 1
-2 1
+2 1
+3 1
+3 5
-3 1
+3 1
cfi=(86)
cfn=(346) _IO_no_init
calls=1 644 
* 58
+4 1
+1 1
-1 1
+1 1
cfi=(87) /usr/src/debug/glibc-2.17-c758a686/libio/fileops.c
cfn=(350) _IO_file_init@@GLIBC_2.2.5
calls=1 +58 
* 95
+4 5
cfi=(87)
cfn=(354) _IO_file_fopen@@GLIBC_2.2.5
calls=1 260 
* 113
* 1
+1 1
-1 1
+6 5
-5 1
cfn=(362) __fopen_maybe_mmap
calls=1 -49 
* 4

fn=(320)
103 2
cfn=(322)
calls=1 -38 
* 57821

fn=(362)
42 1
-2 1
+2 1
+15 1

fl=(94) /usr/src/debug/glibc-2.17-c758a686/io/../sysdeps/unix/sysv/linux/wordsize-64/fxstat.c
fn=(398) _fxstat
36 2
-1 2
+1 2
+1 12
+4 2

fl=(106)
fn=(560)
36 2
-8 4
+11 4
+82 4

fl=(87)
fn=(488) _IO_do_write@@GLIBC_2.2.5
508 7
+2 7
-2 35
+2 14
+12 28
+7 28
+8 35
cfn=(490) _IO_file_write@@GLIBC_2.2.5
calls=7 1294 
* 301
* 7
+1 21
+6 7
-4 7
+4 7
-4 21
+1 14
+3 7
-34 14
+32 7
-32 7
+1 28
-1 7
+1 14
+32 14

fn=(602) _IO_file_sync@@GLIBC_2.2.5
885 1
+5 1
-5 1
+5 3
+2 1
+1 2
+17 2
+4 2

fn=(390) _IO_file_underflow@@GLIBC_2.2.5
551 64
+8 48
+6 48
+3 32
+13 32
+20 32
cfi=(86)
cfn=(404) _IO_switch_to_get_mode
calls=16 183 
* 320
+6 16
+5 64
-5 32
+1 16
+2 16
-1 32
+3 16
cfn=(406) _IO_file_read
calls=16 1244 
* 176
+2 32
+10 15
-3 15
+3 30
+2 30
+1 60
-10 1
-1 1
+1 2
+10 1
-4 1
+4 3
-56 3
+5 2
cfi=(86)
cfn=(392) _IO_doallocbuf
calls=1 415 
* 128
* 2

fn=(522) _IO_file_finish@@GLIBC_2.2.5
203 1
+1 1
-1 1
+1 1
+6 2
+1 1
-1 1
cfi=(86)
cfn=(524) _IO_default_finish
calls=1 683 
* 24

fn=(354)
260 1
+12 1
-12 8
+11 3
+2 4
430 8
281 2
-20 1
+37 12
+41 1
225 1
+1 2
-1 1
+4 1
cfi=(88) /usr/src/debug////////glibc-2.17-c758a686/io/../sysdeps/unix/syscall-template.S
cfn=(356) open
calls=1 81 
* 7
* 1
+4 2
+3 1
-1 1
+1 2
+3 2
-3 1
+3 1
+10 2
cfi=(86)
cfn=(352) _IO_link_in
calls=1 100 
* 11
359 3
cfi=(89)
cfn=(360)
calls=1 53 
* 25
* 1
+1 3
-83 1
-1 1
-15 2

fn=(484) _IO_file_overflow@@GLIBC_2.2.5
823 724
+1 543
+7 1263
+35 362
+3 362
+3 543
+1 543
+1 724
+4 181
+1 724
-45 2
+12 2
+9 4
+8 1
-4 1
+3 2
-2 2
-3 1
+1 2
+5 1
-1 1
+1 3
+1 2
+12 14
-1 7
+1 7
-1 7
cfn=(488)
calls=7 508 
* 637
* 14
-39 2
cfi=(86)
cfn=(392)
calls=1 415 
* 141
+1 6

fn=(490)
1294 49
+2 35
+11 7
+1 7
-12 14
+5 7
-1 21
+1 14
cfi=(88)
cfn=(492) write
calls=7 81 
* 49
+1 14
+9 21
+3 63

fn=(512) _IO_file_close_it@@GLIBC_2.2.5
159 3
+2 1
-2 1
+2 2
+4 1
+3 1
-3 1
-1 2
+6 1
+3 1
-3 1
cfi=(86)
cfn=(514) _IO_unsave_markers
calls=1 1116 
* 9
+3 2
+4 3
+9 5
cfi=(86)
cfn=(402) _IO_setb
calls=1 400 
* 39
+1 2
+3 1
-3 1
+1 3
+2 1
cfi=(86)
cfn=(510) _IO_un_link
calls=1 61 
* 10
+5 2
-4 1
+1 1
+1 1
+2 1
+1 4
-23 3
cfn=(516) _IO_file_close
calls=1 1285 
* 7
* 2

fn=(396) _IO_file_stat
1262 2
+1 6
cfi=(94)
cfn=(398)
calls=2 36 
* 20

fn=(516)
1285 2
cfi=(88)
cfn=(518) __close_nocancel
calls=1 81 
* 5

fn=(598) _IO_file_setbuf@@GLIBC_2.2.5
460 2
+1 1
cfi=(86)
cfn=(600) _IO_default_setbuf
calls=1 +97 
* 51
* 2
+4 2
-1 2
+2 3
+2 1
+1 2

fn=(406)
1244 64
cfi=(88)
cfn=(408) read
calls=16 81 
* 112

fn=(350)
144 1
+4 1
-4 3
+5 1
-1 1
+3 1
cfi=(86)
cfn=(352)
calls=1 -51 
* 82
+1 1
+1 4

fn=(480) _IO_file_xsputn@@GLIBC_2.2.5
1321 362
+7 362
-7 2534
+6 724
+69 2896

fl=(67)
fn=(248)
478 2
+12 1
-12 1
+12 1
-12 1
+12 1
-12 1
+12 1
648 2
+2 1
+1 1
+2 1
-3 1
+5 1
-5 1
+4 3
+4 2
+2 1
+1 1
+2 1
+4 1
-7 1
+5 1
-5 1
+4 1
+3 2
-3 1
+3 1
-3 1
+3 2
492 2
cfn=(250) handle_intel.isra.0
calls=1 262 
* 843
+4 1
-4 1
+4 1
cfn=(250)
calls=1 262 
* 884
+2 1
-2 1
-1 1
+3 1
+9 3
+2 1
+1 1
+2 1
+5 2
+9 16
-9 12
+6 3
-6 3
+6 3
-6 3
+6 1
-6 1
+6 1
+69 4
+1 6
-65 1
+32 1
-26 5
+7 2
+4 4
+2 4
-6 4
+4 1
-2 1
+2 1
-4 3
+4 1
-2 1
+2 1
+15 1
+1 4
-9 1
+2 2
+1 1
-1 2
+1 1
+1 1

fn=(250)
262 4
+12 2
-12 12
+9 2
+1 4
-3 6
+23 10
cfn=(252) intel_check_word
calls=2 132 
* 1444
+1 4
+3 10
cfn=(252)
calls=2 132 
* 189
+1 4
-17 4
+5 2
-5 4
+5 2
+2 2
+1 2
-1 4
+27 16

fn=(252)
132 32
+1 12
+6 32
+2 4
-2 4
+2 4
+88 8
-76 20
+53 16
+23 40
-1 8
+1 8
cfi=(68) /usr/src/debug/glibc-2.17-c758a686/stdlib/bsearch.c
cfn=(254) bsearch
calls=8 26 
* 1226
+2 16
+22 8
141 16
+2 10
+2 20
-10 2
258 32
-93 10
+5 10
-5 14
+9 2
+2 4
+8 2
+4 2
-2 4
+13 3
-34 15
+5 6
+4 8
+7 9
+9 2
-2 2
+3 2
-1 2
-2 2
+1 2
+1 2
-1 6
+1 2
-2 4

fn=(256) intel_02_known_compare
121 162
+3 162

fl=(49)
fn=(184)
30 1
+1 1
+3 2
-3 4
+3 1
cfi=(46)
cfn=(176)
calls=1 -7 
* 7
+1 3
+1 3

fl=(64)
fn=(242)
30 4
+1 5
+2 3
cfi=(65)
cfn=(244)
calls=1 -8 
* 34
+4 5
+1 3
+2 4

fl=(73)
fn=(290)
56 6
-22 2
cfn=(292) __new_exitfn
calls=1 +38 
* 39
+2 2
+4 1
+3 1
+1 1
-4 2
+2 1
+4 1
+1 1
+11 4

fn=(292)
72 1
+6 2
-6 3
+6 4
+2 4
-7 2
+9 3
-2 1
+10 1
-10 2
+45 1
+1 1
+3 4
+3 5
-35 2
+14 1
+1 2

fl=(93) /usr/src/debug/glibc-2.17-c758a686/libio/filedoalloc.c
fn=(394) _IO_file_doallocate
96 10
+15 12
cfi=(87)
cfn=(396)
calls=2 1262 
* 28
* 4
+2 8
+11 9
-14 1
+18 6
cfi=(95)
cfn=(400)
calls=1 -96 
* 33
* 6
cfi=(95)
cfn=(400)
calls=1 -96 
* 33
* 4
+1 10
cfi=(86)
cfn=(402)
calls=2 400 
* 42
+1 2
+1 13
-13 1
fi=(109) /usr/src/debug/glibc-2.17-c758a686/libio/../sysdeps/unix/sysv/linux/sys/sysmacros.h
-72 6
fe=(93)
+72 1
-2 2
+5 2

fl=(86)
fn=(402)
400 15
+1 14
+3 3
+2 12
-3 3
+3 6
+3 12
-7 7
cfi=(98)
cfn=(500)
calls=1 81 
* 5
* 4

fn=(404)
183 16
+1 16
-1 16
+1 32
+3 48
+5 16
-1 32
+1 16
+7 16
-4 16
+2 32
+2 16
+1 16
+1 32

fn=(510)
61 12
+1 6
+4 6
+1 10
+2 1
-2 1
+1 1
+1 19
+2 3
+2 2
+13 1
+2 1
-2 1
+2 4
+2 1
-1 1
+1 6
+1 2
+3 12
-6 6
-13 1
+1 1
-1 2

fn=(352)
100 8
+1 6
+4 1
-2 2
+2 5
+1 10
+2 1
-2 1
+1 1
+1 1
-2 1
+2 1
-2 1
+2 14
+2 1
-2 1
+4 1
+2 1
-3 1
-1 1
+4 7
+2 1
-1 1
+1 8
+1 2
+3 8
-6 7

fn=(524)
683 2
+2 3
+6 3
+3 3
+6 1
+6 1
-6 1
cfn=(510)
calls=1 61 
* 10

fn=(594)
1007 1
+3 1
-3 2
-48 1
+48 2
+3 1
cfn=(596) _IO_flush_all_lockp
calls=1 819 
* 88
-63 1
+63 1
-63 3
+2 9
+2 2
-1 4
+3 4
+6 16
+8 5
+10 5
cfi=(87)
cfn=(598)
calls=1 460 
* 66
+3 2
+7 3
-40 9
+75 7
-53 1
+4 1
-4 1
+2 1
+1 1
+1 1
-2 1
+3 4
+6 3
+1 8

fn=(348) _IO_old_init
627 1
-16 1
+1 1
+15 1
+5 1
-21 1
+2 1
+1 1
+1 1
+17 1
-16 1
+1 1
+1 1
+1 1
+1 1
+1 1
+2 1
+1 1
+1 1
+1 1
+6 1
+1 4

fn=(482) __overflow
242 543
+2 543
cfi=(87)
cfn=(484)
calls=181 823 
* 6828

fn=(346)
644 9
+1 1
cfn=(348)
calls=1 -18 
* 25
+3 1
-2 1
+2 1
+2 1
+1 1
+1 1
+1 1
+1 1
+1 1
+1 1
+1 1
+1 1
+1 1
+1 1
+1 1
+2 1
+3 1
+1 6

fn=(514)
1116 1
+2 1
-2 1
+2 1
+19 3
+2 2

fn=(596)
819 3
+6 1
-6 5
+6 2
+6 1
-11 1
+10 1
+2 2
+4 2
-1 3
-1 3
+1 3
+3 9
+10 6
+4 3
-2 3
+2 6
+7 3
-27 6
+31 2
+2 2
+4 9
-31 12

fn=(600)
558 5
+1 1
-1 1
+1 1
cfi=(87)
cfn=(602)
calls=1 885 
* 13
* 2
+9 1
-7 1
+7 1
-7 1
401 1
563 1
+1 1
-1 1
+1 1
401 4
+7 1
-5 1
+1 1
+4 1
571 2
+2 1
-2 1
+1 3
+2 4

fn=(386) __uflow
364 16
+2 16
-2 16
+2 33
+6 80
+3 32
+2 32
+6 32
+7 32
+1 16
-1 32
cfn=(388) _IO_default_uflow
calls=16 +45 
* 1458
-24 30
+22 48

fn=(388)
435 16
+1 16
-1 16
+1 16
cfi=(87)
cfn=(390)
calls=16 551 
* 1270
+1 32
+2 60
+1 32

fn=(392)
415 6
+1 2
-1 2
+1 2
+6 8
-4 6
+1 6
cfi=(93)
cfn=(394)
calls=2 96 
* 233
* 4

fl=(47)
fn=(178)
30 1
+1 1
+1 1
+1 1
+2 1

fl=(92)
fn=(384)
36 120441
+3 120441
-3 120441
+3 1806615
+1 722598
fi=(96) /usr/src/debug/glibc-2.17-c758a686/libio/libioP.h
889 240882
+1 963528
fe=(92)
43 361323
-3 32
cfi=(86)
cfn=(386)
calls=16 364 
* 1873
* 32

fl=(95)
fn=(400)
32 4
+1 4
-1 36
+1 12
+1 40
+2 28
-3 8

fl=(100)
fn=(476)
222 1991
+35 543
1271 544
+4 905
+11 362
+11 181
fi=(110) /usr/src/debug/glibc-2.17-c758a686/stdio-common/printf-parse.h
109 362
fe=(100)
1297 905
fi=(110)
109 181
cfi=(101) /usr/src/debug////////glibc-2.17-c758a686/string/../sysdeps/x86_64/strchrnul.S
cfn=(478) strchrnul
calls=181 -83 
* 4163
fe=(100)
1312 181
fi=(110)
109 181
fe=(100)
1308 181
+4 362
+4 1267
cfi=(87)
cfn=(480)
calls=181 +5 
* 3439
* 543
2058 362
cfi=(79)
cfn=(464)
calls=181 2922 
* 1267
* 181
+1 362
cfi=(79)
cfn=(464)
calls=181 2922 
* 1267
* 181
+2 905
+3 181
+1 1448
1271 360
+41 1267
+1 2715
2061 905
+1 543
1316 362
+4 181
-4 181
+4 362
+4 1267
270 181
-6 181
-3 181
1301 181
-8 181
227 181
1372 1448
-3 181
-1 181
-17 181
+1 181
+1 181
+1 181
+1 181
+1 181
+1 181
+1 181
+1 181
+1 181
+1 181
+3 181
+1 181
1554 362
-21 543
1372 1629
2056 362
1654 362
+8 181
fi=(110)
109 543
fe=(100)
1662 181
fi=(110)
109 181
fe=(100)
1662 181
fi=(110)
109 181
cfi=(101)
cfn=(478)
calls=181 -83 
* 4163
fe=(100)
1666 181
-4 181
+4 905
cfi=(87)
cfn=(480)
calls=181 1321 
* 3439
* 905
-10 181
+10 1448
+2 181
-2 181
+2 181
-33 5068
cfi=(86)
cfn=(482)
calls=181 242 
* 7914
* 543

fl=(68)
fn=(254)
26 8
+5 8
-5 72
+7 8
-7 16
+7 8
+7 8
+1 8
-8 16
+2 54
+2 54
-2 54
+1 162
+1 108
cfi=(67)
cfn=(256)
calls=54 +84 
* 324
+1 108
+1 46
-6 92
+14 8
-1 8
+1 56

fl=(44)
fn=(172)
100 1
+2 1
+1 1
+1 1
+9 1

fn=(180)
120 1
+2 1
+1 1
+1 1
+9 1

fl=(48)
fn=(182)
27 1
+1 1
+1 1
+1 1
+1 1
+2 1
+1 1
+5 1

fl=(88)
fn=(408)
81 32
cfn=(410) __read_nocancel
calls=16 * 
* 80

fn=(494) __write_nocancel
81 35

fn=(518)
81 5

fn=(356)
81 2
cfn=(358) __open_nocancel
calls=1 * 
* 5

fn=(410)
81 80

fn=(492)
81 14
cfn=(494)
calls=7 * 
* 35

fn=(358)
81 5

fl=(45)
fn=(174)
36 1
+1 1
+3 2
-3 4
+3 1
cfi=(46)
cfn=(176)
calls=1 -13 
* 7
* 3
+1 3

fl=(102)
fn=(508)
40 3
+14 1
-14 1
+14 3
+3 18
+4 3
-3 2
fi=(96)
889 2
+1 3
fe=(102)
63 4
cfi=(87)
cfn=(522)
calls=1 203 
* 32
+1 3
+18 6
+2 1
+1 2
cfi=(79)
cfn=(464)
calls=1 2922 
* 114
* 1
+4 5
-10 2
-20 2
cfi=(87)
cfn=(512)
calls=1 159 
* 113
* 3
-4 1
cfi=(86)
cfn=(510)
calls=1 +6 
* 80
* 3
fi=(96)
890 6
fe=(102)

fl=(84)
fn=(342)
34 13
+8 13
-8 39
+8 75
+4 26
+4 48
+3 12
cfi=(85)
cfn=(344)
calls=12 -22 
* 156
* 24
+4 65
-14 26
cfi=(85)
cfn=(344)
calls=13 -12 
* 169
* 52

fl=(66)
fn=(246)
32 5
+2 1
-2 2
+2 3
+2 5

fl=(101)
fn=(478)
26 362
+1 362
+1 362
+1 362
+1 362
+1 362
+1 362
+1 362
+1 362
+1 362
+1 362
+1 362
+1 362
+1 362
+1 362
+1 362
+1 362
+1 362
+1 362
+1 362
+12 362
+1 362
+1 362

fl=(50)
fn=(186)
0 15

fl=(82) /usr/src/debug/glibc-2.17-c758a686/elf/dl-addr.c
fn=(332) _dl_addr
126 9
+5 1
-5 2
+5 2
cob=(1)
cfi=(2)
cfn=(50)
calls=1 917 
* 2
+3 6
+1 4
+1 20
+1 2
30 1
+1 1
-1 1
+4 2
+5 1
+6 1
-7 1
+2 2
+2 1
-2 1
+2 1
+3 1
+5 7
+2 1
+1 2
-1 1010
+1 2020
+2 4928
+6 11065
+2 8852
+1 16225
+7 2213
-2 2213
+2 5437
-21 2022
+49 3
+1 1
+1 3
+3 2
+41 3
cob=(1)
cfi=(2)
cfn=(52)
calls=1 923 
* 2
+3 9
-13 9
-19 1
+1 1
+23 2

fl=(75)
fn=(310)
26 1
+9 1
+1 2
+1 1
+4 1
+1 1
+1 1
+1 1
+1 1
+2 2
+2 1
+1 1
+1 1
+2 2
+2 1
+9 1
cfi=(76)
cfn=(312)
calls=1 -35 
* 9

fl=(81)
fn=(330)
383 6
+11 1
-8 1
+8 1
+7 3
+2 5
+16 2
-71 80
+16 40
-18 123
464 2
+5 2
+1 2
+2 1
+1 7
-78 5
cfi=(82)
cfn=(332)
calls=1 126 
* 56093
* 2
+1 4
-47 8
+1 6

totals: 3825715320
