version: 1
creator: callgrind-3.11.0
pid: 32247
cmd:  ./um midmark.um
part: 1


desc: I1 cache: 65536 B, 64 B, 2-way associative
desc: D1 cache: 16384 B, 64 B, 4-way associative
desc: LL cache: 12582912 B, 64 B, 192-way associative

desc: Timerange: Basic block 0 - 753948394
desc: Trigger: Program termination

positions: line
events: Ir Dr Dw I1mr D1mr D1mw ILmr DLmr DLmw
summary: 3673961636 1187614343 450472649 1108 7901002 510008 1073 2154 33593


ob=(2) ???
fl=(16) ???
fn=(566) 0x0000000004a247a8
0 3 1 0 1 0 0 1

fn=(258) 0x0000000004c2b1c0
0 6 2 0 1 1 0 1

fn=(296) 0x0000000000400880
0 6 2 0 0 1

fn=(540) 0x0000000000401ac4
0 3 1 0 1

fn=(588) 0x0000000004c96278
0 3 1 0 2 0 0 2

fn=(226) 0x0000000004a24510
0 6 2 0 1 1

ob=(6) /h/jisken01/Desktop/comp40/um/profiling/um
fl=(69) ???
fn=(374) Mem_alloc
0 15961055 0 5804020 2 0 121 1
cob=(3) /usr/lib64/libc-2.17.so
cfi=(79) /usr/src/debug/glibc-2.17-c758a686/malloc/malloc.c
cfn=(326) malloc
calls=1451005 2886 
0 144649333 33595570 18228080 14 201795 23999 14 0 16184
0 1451005 1451005 0 0 187
0 10157035 5804020 0 2 2 0 1

fn=(452) Stack_pop
0 22637344 5659336 5659336 1 1054173 0 1
cfn=(454) Mem_free
calls=1414834 0 
0 131580159 26882271 12733696 6 538499 81 5
0 4244502 2829668

fn=(372) Stack_new
0 5 0 1 1 0 0 1
cfn=(374)
calls=1 0 
0 207 33 33 2 0 1 2 0 1
0 4 1 2 1 0 0 1

fn=(498) Stack_free
0 180857 36171 36171 1 14997 0 1
cfn=(454)
calls=36169 0 
0 3363717 687211 325521 0 15356
0 4 1 1 0 1
cfn=(454)
calls=1 0 
0 93 19 9 0 1 1
0 72345 1 1 1 1 0 1
cfn=(454)
calls=1 0 
0 93 19 9 0 1
0 5 3 1 0 1

fn=(530) 0x0000000000400ad0
0 5 1 2 0 1
cfn=(534) 0x0000000000400a40
calls=1 0 
0 9 2 1 1 0 0 1
0 3 2 1

fn=(294) __libc_csu_init
0 16 0 7 2 0 0 2
cob=(2)
cfi=(16)
cfn=(296)
calls=1 0 
0 6 2 0 0 1
0 7 1 1 0 1
cfn=(300) 0x0000000000400af0
calls=1 0 
0 17 3 1 2 0 0 2
0 11 7

fn=(272) 0x0000000000400a09
0 11 1 3 1 0 0 1
cob=(1) /usr/lib64/ld-2.17.so
cfi=(70) /usr/src/debug////////glibc-2.17-c758a686/elf/../sysdeps/x86_64/dl-trampoline.h
cfn=(280) _dl_runtime_resolve_avx_slow
calls=1 70 
0 3673796570 1187568601 450450617 471 7899267 509448 439 1018 33080
0 5 3 2 2 2 0 2

fn=(454)
0 4353015 0 0 1 0 0 1
cob=(3)
cfi=(79)
cfn=(460) free
calls=1451004 2922 
0 129138700 26118072 13059036 0 538554 68
cob=(1)
cfi=(70)
cfn=(281) _dl_runtime_resolve_avx_slow'2
calls=1 70 
0 1338 441 197 5 70 14 4
0 1451009 1451007 2 0 15233

fn=(300)
0 17 3 1 2 0 0 2

fn=(450) Stack_empty
0 12733506 4244502 1414834 1 60

fn=(376) Stack_push
0 15961044 0 4353012 2 0 218 1
cfn=(374)
calls=1451004 0 
0 172218221 40850562 24032067 16 201984 24119 14 0 16183
0 13059036 5804016 5804016 2 80 0 1

fn=(534)
0 9 2 1 1 0 0 1

fl=(91) /h/jisken01/Desktop/comp40/um/profiling/memory.c
fn=(448) map_seg
72 9903838 0 7074170 0 0 431
+2 2829668 1414834 1414834 1 0 0 1
cfi=(69)
cfn=(450)
calls=1414834 -74 
* 12733506 4244502 1414834 1 60
* 2829668
+11 2829668 1414834 1414834
cfi=(69)
cfn=(452)
calls=1414834 -85 
* 158462005 35371275 18393032 7 1592672 81 6
+1 1414834
-1 1414834
+1 7074170 1414834 1414834
cob=(3)
cfi=(79)
cfn=(326)
calls=1414834 2886 
* 138317086 32656875 17197403 1 221433 13782 1 0 4963
* 1414834 1414834 0 0 501
* 2829668 1414834 1414834 0 8 206619
+1 9903838 1414834 0 1 0 0 1
+1 2829668 0 1414834 0 0 850 0 0 842
-1 2829668
+1 14189112 0 7094556 0 0 219575 0 0 783
-1 14189112
+4 1414834 0 1414834 0 0 17120
+5 9903838 8489004 0 0 24
-21 48 24 12 1 0 0 1
cob=(3)
cfi=(79)
cfn=(418) realloc
calls=12 2956 
* 183615 44898 50740 11 7208 4509 11 0 2244
* 12 12
+2 12 12 0 0 5
-2 12 0 12
+2 41010 40938
+2 40938 0 40938 0 0 5114 0 0 4857
+1 81876 40938
-2 122814
+2 40938 0 40938
cfi=(69)
cfn=(376)
calls=40938 -80 
* 8673015 1475257 1573117 6 8046 18132 6 0 13919
-1 12 0 12 0 0 1
+1 24 12
-2 36 0 0 1 0 0 1
+2 12 0 12
cfi=(69)
cfn=(376)
calls=12 -80 
* 1945 403 341 11 37 0 7
-3 163800 40950 0 0 1
+5 24 0 12

fn=(378) load_file
107 8 0 6 1 0 0 1
+4 1
-4 1
+8 2 1 0 1 0 0 1
-8 1 0 1
+8 1 0 1
cob=(3)
cfi=(79)
cfn=(326)
calls=1 2886 
* 188 28 29 0 0 1 0 0 1
* 1 1
+4 1
-4 1 0 1
-3 1
+7 1 0 1
cob=(1)
cfi=(70)
cfn=(281)
calls=1 -49 
* 1495 474 211 31 16 2 31 1 2
* 5 3 2
+1 1
-1 1
-9 1
+10 2
+8 331191
-11 180662
+2 240880 120440 120440 1 0 0 1
cob=(3)
cfi=(92) /usr/src/debug/glibc-2.17-c758a686/libio/getc.c
cfn=(384) getc
calls=120440 -83 
* 4457925 1807181 963834 1 618 12 1 127
* 120440 120440 0 0 1
+1 120440
-1 120440
+1 240880
+2 240880
+1 55 22 11
cob=(3)
cfi=(79)
cfn=(418)
calls=10 2956 
* 26325 10575 10503 41 1323 1309 41 1 1270
cob=(1)
cfi=(70)
cfn=(281)
calls=1 -53 
* 1336 414 187 15 11 1 15 0 1
* 15 13 2 0 1
+5 11
-5 11 0 11 0 0 1
+2 11
+3 11
+1 60220 30110 0 1 1 0 1
+3 60220
-3 60220 30110 30110 0 0 1874 0 0 1862
+1 30110
-13 60220
+20 7 2 1
cob=(3)
cfi=(79)
cfn=(418)
calls=1 2956 
* 97 19 12 2 6 1 2
* 1 1
* 1 0 1
+2 3 2 1 1 0 0 1
+2 8 7 0 0 1

fn=(494) free_mem
45 4 0 2
+1 6 2 0 1 0 0 1
+2 163840 40960 0 0 5119
+1 4790 0 4790 0 0 3
cob=(3)
cfi=(79)
cfn=(460)
calls=4790 2922 
* 426781 86374 43222 4 6528 172 4
* 4790 4790 0 0 3
* 4790 4790
-3 122880 40960
+7 2 0 1
cob=(3)
cfi=(79)
cfn=(460)
calls=1 2922 
* 42 9 4 0 5
* 1 1
+1 2 0 1
cfi=(69)
cfn=(498)
calls=1 -54 
* 3617114 723425 361713 2 30358 1 2
+3 1
-2 1
+2 2 2
-2 1
cob=(3)
cfi=(79)
cfn=(460)
calls=1 2922 
* 89 18 9
* 1 1

fn=(436) get_word
61 522659130 313595478 0 1 5272427 0 1
+2 104531826 104531826

fn=(370) new_mem
25 5 0 4 1 0 0 1
+1 1
-1 1
+1 1 0 1
cob=(3)
cfi=(79)
cfn=(326)
calls=1 2886 
* 188 28 29
* 1 1
* 1
+1 1 0 1
cfi=(69)
cfn=(372)
calls=1 -27 
* 216 34 36 4 0 1 4 0 1
+1 1 0 0 1 0 0 1
-1 1 0 1
+1 2 0 1
cob=(3)
cfi=(79)
cfn=(326)
calls=1 2886 
* 188 28 29 0 0 1 0 0 1
* 1 1
+3 1
-3 1 0 1
+3 2
+1 13 9 1
+1 9
-1 9 0 9
+1 9
+1 27 9 9
cfi=(69)
cfn=(376)
calls=9 -34 
* 2043 333 360 2 0 5 2 0 5
* 9
-3 20 0 0 1 0 0 1
+7 1 0 1
+3 7 5

fn=(442) set_word
67 97204488 48602244 16200748 0 27 13424

fn=(462) unmap_seg
99 4230135 0 2820090
+1 1410045
-1 1410045
+1 4230135 1410045 1410045
cfi=(69)
cfn=(376)
calls=1410045 0 
* 192561298 45178585 32615277 1 193981 6200 1 0 2259
+1 4230135 2820090 1410045 0 26
cob=(3)
cfi=(79)
cfn=(460)
calls=1410045 2922 
* 125289857 25380838 12690429 2 554875 27 2
* 1410045 1410045 0 0 2242
+1 2820090 1410045 1410045
+2 5640180 4230135

fl=(90) /h/jisken01/Desktop/comp40/um/profiling/emulator.c
fn=(364) new_em
100 3 0 2 1 0 0 1
+1 1
-1 1
+1 1 0 1
cob=(1)
cfi=(70)
cfn=(281)
calls=1 -31 
* 1510 464 224 2 68 9 2 0 1
* 5 3 2 1 2 0 1
+1 1
-1 1
+1 1 0 1
cob=(3)
cfi=(79)
cfn=(326)
calls=1 2886 
* 188 28 29 0 0 1 0 0 1
* 1 1
+1 1 0 0 1 0 0 1
-1 1 0 1
+1 1 0 1
cfi=(91)
cfn=(370)
calls=1 -78 
* 2759 448 483 9 0 7 9 0 7
* 4 1 1
+2 2 0 1
-1 2
+1 14 0 7
-1 14
+4 2
-1 1 0 1
+1 1 0 1 1 0 0 1
cfi=(91)
cfn=(378)
calls=1 -1 
* 6354332 2119843 1125365 95 1978 3201 95 129 3136
+4 5 3

fn=(438) load_program
250 7142218 3571109
+2 3571109
-2 7142218 3571109 3571109
+2 14284436 7142218 0 1 0 0 1

fn=(464) output
272 362 0 362 1 0 0 1
+1 181
-1 181
+1 724 362
+2 181
-1 362
+1 362 362
-1 181
cob=(3)
cfi=(99) /usr/src/debug/glibc-2.17-c758a686/stdio-common/printf.c
cfn=(470) printf
calls=180 29 
* 69266 18182 15959 27 126 80 8 0 1
cob=(1)
cfi=(70)
cfn=(281)
calls=1 70 
* 1871 572 317 45 90 23 43 7 12
* 185 183 2 1 0 0 1

fn=(434) run
124 4 1 1 1 1 0 1
+9 3 1 1
cfi=(91)
cfn=(436)
calls=1 -72 
* 6 4 0 1 0 0 1
* 255211563 85070521 85070521
cfi=(91)
cfn=(436)
calls=85070521 -72 
* 510423126 340282084 0 0 2960909
+1 170141044
+2 255211566 85070522 0 0 91 0 0 2
245 2 2
+42 21479450 4295890 0 1 0 0 1
+1 4295890
-1 4295890
+1 25775340 8591780 4295890
-99 12887670 4295890 4295890
+1 4295890
+6 681344 170336
+1 170336
-1 340672
+1 170336
-1 851680 340672 170336
+2 511008 170336 170336
+1 170336
+6 419660 104915 0 1 0 0 1
+1 104915
-1 629490 209830 104915
+2 314745 104915 104915
+1 104915
+6 12564160 3141040 0 1 0 0 1
+1 3141040
-1 18846240 6282080 3141040
+2 9423120 3141040 3141040
+1 3141040
+6 162007480 0 16200748 1 0 0 1
cfn=(440) store
calls=16200748 +71 
* 243011220 129605984 16200748 2 27 13424 2
+1 48602244 16200748 16200748 1 0 0 1
+1 16200748
+6 194613040 0 19461304
cfn=(444) load
calls=19461304 +67 
* 369764776 194613040 58383912 0 2311518
+1 58383912 19461304 19461304
+1 19461304
+72 16478514 5492838
+1 17235610 2462230 2462230
-66 7386690 2462230 2462230
+1 2462230
-1 852567 284189 284189
+1 284189
-97 195322200 32553700 32553700 2 0 0 2
+1 97661100 32553700 32553700
+1 32553700
+7 24997763 0 3571109
cfn=(438)
calls=3571109 +97 
* 32139981 14284436 3571109 1 0 0 1
* 3571109 3571109
+1 3571109
+10 724 0 181 1 0 0 1
cfn=(464)
calls=181 272 
* 73856 19661 16640 74 216 103 53 7 13
+1 543 181 181
+1 181
+4 7050225 4230135 1410045
cfi=(91)
cfn=(462)
calls=1410045 -71 
* 343231965 81839783 52355931 3 751124 6227 3 0 2259
+1 4230135 1410045 1410045 0 2
+1 1410045
+5 9903838 0 1414834 1 0 0 1
cfn=(446) map
calls=1414834 278 
* 429301336 100797942 67028469 42 1830012 486214 36 0 27608
+1 4244502 1414834 1414834
+1 1414834 0 0 1 0 0 1

fn=(446)
278 2829668 0 2829668 1 0 0 1
+2 1414834
-2 4244502
+2 5659336 4244502 1414834
cfi=(91)
cfn=(448)
calls=1414834 72 
* 406663992 90894104 61369133 41 1829995 486214 35 0 27608
+1 2829668 1414834 1414834 0 17
+1 5659336 4244502

fn=(492) free_em
115 2 0 1
+1 2 1 1
cob=(3)
cfi=(79)
cfn=(460)
calls=1 2922 
* 89 18 9
* 1 1
+1 2 1 1
cfi=(91)
cfn=(494)
calls=1 -72 
* 4345137 901332 409742 7 42013 176 7
+1 1
+2 1 1
-2 1
cob=(3)
cfi=(79)
cfn=(460)
calls=1 2922 
* 89 18 9 0 1
* 1 1

fn=(444)
298 19461304 0 19461304
+1 19461304 19461304
-1 19461304
+1 136229128 58383912 19461304
cfi=(91)
cfn=(436)
calls=19461304 61 
* 116767824 77845216 0 0 2311518
* 19461304 0 19461304
+2 38922608 38922608

fn=(440)
294 16200748 16200748 0 1 0 0 1
-1 129605984 64802992 0 1 0 0 1
cfi=(91)
cfn=(442)
calls=16200748 67 
* 97204488 48602244 16200748 0 27 13424

fl=(77) /h/jisken01/Desktop/comp40/um/profiling/um.c
fn=(314) main
12 3 0 2 1 0 0 1
+1 2
+11 4 3 0 0 1
-6 3 1 1 1 1 0 1
cob=(1)
cfi=(70)
cfn=(281)
calls=1 +52 
* 59112 14380 654 98 1103 53 98 868 43
* 5 3 2 0 1
+1 1
-1 1
+1 1 0 1
cfi=(90)
cfn=(364)
calls=1 +81 
* 6358852 2120791 1126120 110 2048 3218 110 129 3145
* 1
+1 2 0 1
cfi=(90)
cfn=(434)
calls=1 124 
* 3663026151 1184529948 448913076 134 7853900 505968 107 9 29880
+1 2 0 1
cfi=(90)
cfn=(492)
calls=1 +94 
* 4345326 901373 409763 7 42014 176 7
+1 2 0 1
cob=(1)
cfi=(70)
cfn=(281)
calls=1 +48 
* 1793 563 285 28 84 12 26 2
* 5 3 2
+1 2

ob=(4) /usr/lib64/libm-2.17.so
fl=(57) /usr/src/debug/glibc-2.17-c758a686/math/../sysdeps/x86_64/fpu/multiarch/e_asin.c
fn=(202) __acos_finite
10 5 3 0 1 0 0 1

fn=(208) __asin_finite
16 5 3 0 1 0 0 1

fl=(54) /usr/src/debug/glibc-2.17-c758a686/math/../sysdeps/x86_64/fpu/multiarch/e_pow.c
fn=(196) __pow_finite
8 5 3 0 1 0 0 1

fl=(59) /usr/src/debug////////glibc-2.17-c758a686/math/../sysdeps/x86_64/fpu/multiarch/s_floor.S
fn=(206) floor
25 1 1 0 1 0 0 1
+1 1
+1 1 1 0 1 0 0 1
+1 1
+2 1 1

fl=(52) /usr/src/debug/glibc-2.17-c758a686/math/../sysdeps/x86_64/fpu/multiarch/s_sin.c
fn=(192) cos
20 8 3 0 1 0 0 1

fl=(58) /usr/src/debug////////glibc-2.17-c758a686/math/../sysdeps/x86_64/fpu/multiarch/s_floorf.S
fn=(204) floorf
25 1 1 0 1 0 0 1
+1 1
+1 1 1
+1 1
+2 1 1

fl=(51) /usr/src/debug/glibc-2.17-c758a686/math/../sysdeps/x86_64/fpu/multiarch/e_exp.c
fn=(190) __exp_finite
15 8 3 0 1 0 0 1

fl=(56) /usr/src/debug////////glibc-2.17-c758a686/math/../sysdeps/x86_64/fpu/multiarch/s_rintf.S
fn=(200) rintf
25 1 1 0 1 0 0 1
+1 1
+1 1 1 0 1 0 0 1
+1 1
+2 1 1

fl=(55) ???
fn=(210) __atan2_finite
0 8 3 0 1 0 0 1

fn=(198) __log_finite
0 8 3 0 1 0 0 1

fn=(262) 0x0000000000005730
0 16 3 1 4 1 0 4

fn=(212) sin
0 8 3 0 1 0 0 1

fn=(582) 0x0000000000005680
0 9 2 1 1

fn=(568) 0x00000000000056f0
0 8 2 2 1 2
cob=(1)
cfi=(70)
cfn=(281)
calls=1 70 
0 1392 414 157 0 13
0 5 3 2 1 1 0 1
0 1 0 1
cfn=(582)
calls=1 0 
0 9 2 1 1
0 3 2 1

fl=(53) /usr/src/debug////////glibc-2.17-c758a686/math/../sysdeps/x86_64/fpu/multiarch/s_rint.S
fn=(194) rint
25 1 1 0 1 0 0 1
+1 1
+1 1 1
+1 1
+2 1 1

ob=(1)
fl=(15) /usr/src/debug/glibc-2.17-c758a686/elf/dl-object.c
fn=(48) _dl_add_to_namespace_list
33 8 0 4 1 0 0 1
+2 4
-2 12 0 4 1 0 0 1
+2 4 4 4
cfi=(2) /usr/src/debug/glibc-2.17-c758a686/elf/rtld.c
cfn=(50) rtld_lock_default_lock_recursive
calls=4 917 
* 8 4 4 1 0 1 1 0 1
+2 29 4
+4 6
-1 27 9
+2 3 0 3
+2 3 0 3
+4 3
+4 3
-4 6 0 3
+1 6 3 3
+1 6 0 3
+2 3 3
+1 9 6
-1 3
cfi=(2)
cfn=(52) rtld_lock_default_unlock_recursive
calls=3 923 
* 6 3 3
-4 1
+4 1
-4 2 0 1
+1 2 1 1
+1 2 0 1
+2 1 1
+1 3 2
-1 1
cfi=(2)
cfn=(52)
calls=1 923 
* 2 1 1
-5 2 0 1 1 0 0 1

fn=(32) _dl_new_object
62 44 0 28 1 0 2 1 0 2
+1 4
-1 8 0 8
+1 4 0 4
cfi=(10) /usr/src/debug////////glibc-2.17-c758a686/string/../sysdeps/x86_64/rtld-strlen.S
cfn=(20) strlen
calls=4 -35 
* 228 27 0 0 1 0 0 1
+6 4 4
-6 12
+6 44 4 0 1 0 0 1
+7 16 0 8
cfi=(17) /usr/src/debug/glibc-2.17-c758a686/elf/dl-minimal.c
cfn=(36) calloc
calls=4 +26 
* 225 38 29 9 1 2 8 0 2
* 4 4 0 1 0 0 1
+3 4 0 0 1 0 0 1
-3 4
+3 4
+4 4
+5 4 4
-6 4 0 4 0 0 4 0 0 4
+6 4
-5 4 0 4 0 0 4 0 0 4
+5 4
-1 8 0 4 0 0 1 0 0 1
+1 4 0 4
cfi=(18) /usr/src/debug////////glibc-2.17-c758a686/string/../sysdeps/x86_64/memcpy.S
cfn=(46) memcpy
calls=4 -27 
* 120 19 15 3 0 6 3 0 6
* 4 0 4 0 0 2 0 0 2
+4 4 4
-2 4 0 4 1 0 0 1
+3 4 4
-1 4 0 4
+1 16 4 0 0 4 0 0 4
+3 4 4
-3 4 0 4
+3 4
+9 4
-7 4 0 4 0 0 1 0 0 1
+4 4 0 4 1 0 0 1
+3 9
+2 2 0 1 0 0 1 0 0 1
-2 2
+2 30 0 15 0 0 4 0 0 4
-2 30
+12 4
+6 4
-5 4 0 4 1 0 4 1 0 4
-1 4 0 4 0 0 1 0 0 1
+6 12 4 0 0 1 0 0 1
-2 4
+2 8
+2 9 0 3
+3 9
+4 9 3
+4 9
+2 1 0 0 1 0 0 1
+6 1 0 1 0 0 1 0 0 1
+3 2 0 1
+3 5 2 0 1 0 0 1
-3 6 0 3 0 0 1 0 0 1
+3 15 6
+2 3 3
+4 3
-4 3 0 3
cfi=(10)
cfn=(20)
calls=3 28 
* 165 18
* 6
+4 3
-4 3 0 3
+4 9
+64 6 0 3
+4 32 28 0 1 0 0 1
-88 9 3
-39 9 0 4 1 0 4 1 0 4
+39 3
+70 9 6 3 1 0 0 1
cfi=(18)
cfn=(68) mempcpy
calls=3 61 
* 108 18 15 3 0 1 3 0 1
* 3
+5 50
+1 50 50
-1 50
+1 53 3
-1 3
+1 9
+5 6 0 3
-57 6 0 3 1 0 0 1
cfi=(17)
cfn=(40) malloc
calls=3 -67 
* 102 18 15
* 3 3
+1 3
-1 3
+1 9

fl=(6) /usr/src/debug/glibc-2.17-c758a686/elf/dl-lookup.c
fn=(170) check_match.9513
132 5523 0 3156 1 0 4 1 0 2
+1 1578 789 0 0 105 0 0 17
+2 1578 789 0 1 8 0 1 6
+2 1140 380
-2 760 380
+12 1140 380 380 0 0 9 0 0 4
+3 1980 1295 305 0 0 2 0 0 1
cfi=(19) /usr/src/debug////////glibc-2.17-c758a686/string/../sysdeps/x86_64/strcmp.S
cfn=(54) strcmp
calls=305 -16 
* 5429 1839 0 0 58 0 0 17
* 610 0 0 1 0 0 1
+5 105 105
-1 105 105
+1 105
-1 105 105 0 0 5
+1 105
+2 206
+19 206 206 0 0 18 0 0 3
+1 824 309 0 1 16 0 1
+46 630 525
-18 4
+2 4 4 0 0 1
+1 8 2
-1 4
+1 2
-1 4
+9 275 0 0 1 0 0 1
+7 4104 3420
-45 309 206 103 0 1
cfi=(19)
cfn=(54)
calls=103 -44 
* 8956 2603 0 0 7
* 412
-43 818
+81 1227

fn=(166) do_lookup_x
82 1053 0 702 3 0 5 2 0 1
+1 117 117 0 0 1
-6 117 117
+5 351 234 117 0 0 8 0 0 2
-5 819 234 585 1 0 4 1 0 1
+11 117
+1 117 117
233 117
-3 117
+3 117
-3 351 0 117 0 0 4 0 0 2
98 117 117 0 0 6
-3 117 0 117
+1 117 0 117 1 0 0 1
+2 117 117 0 0 1
+3 117
-3 117 0 117
+3 117
-3 368 368
-3 368 0 368
+1 368 0 368
+2 368 368 0 0 17
+3 368
-3 368 0 368
+3 368
+4 978 489
+4 968 484 0 0 20
+4 968 484 0 1 3 0 1
+7 1452 484 0 0 26
+4 968 968 0 0 43
+1 1452 968 484 0 14
226 484 484
+1 968
+4 504 252
-2 252 252 0 0 123 0 0 39
+5 1008 252
+4 504
-1 504
+1 252
-1 504
+21 148 0 148
+24 758 379 0 1 0 0 1
462 2076 692 0 1 1 0 1
+1 345 69 276
cfi=(31) /usr/src/debug/glibc-2.17-c758a686/elf/dl-misc.c
cfn=(96) _dl_name_match_p
calls=69 304 
* 3221 1009 276 1 73
* 414 207
+3 1140 0 0 1 0 0 1
+3 24
287 788 105
+4 249 13 105 1 5 0 1
+13 105 105
+1 105 105
-1 105 0 105
+1 105 0 105
+1 105 0 0 2 0 0 1
470 936 819
241 432 0 0 1 0 0 1
-1 216 216 0 1 82 0 1 48
+2 216
+2 321 107
+10 306
-7 1030 206 0 0 96 0 0 64
+2 208 104 0 1 0 0 1
+1 416 104 312
-1 624 104 208
+1 312 0 104
cfn=(170)
calls=104 132 
* 16543 5484 651 1 104 0 1 26
+1 520 312
+11 1388 232 0 1 0 0 1
+6 1198 464 232 1 12 0 1 2
+2 2736 2736 0 0 38 0 0 2
-2 684
+2 684 0 684
-2 684
+4 4795 685 2740 1 0 2 1 0 1
cfn=(170)
calls=685 132 
* 21713 7958 3293 4 115 15 4 17 7
+1 3426 2055
-10 117 117 0 1 0 0 1
fi=(43) /usr/src/debug/glibc-2.17-c758a686/elf/../sysdeps/generic/dl-hash.h
32 117
-1 117 117
+1 585 117
+2 234
+1 351 117 0 1 0 0 1
+2 234
+1 351 117
+2 234
+1 351 117
+2 109
+1 109
-1 109
+2 327 109
+3 2886
+1 1924
+13 1924
-17 2886 962
+22 654
fe=(6)
263 218 0 109
fi=(43)
67 40 0 0 1 0 0 1
fe=(6)
263 16 0 8

fn=(10) _dl_setup_hash
865 15 5 0 1 0 0 1
+4 3 3
+4 6 3 3 0 3 0 0 3
+2 3 3 0 0 1 0 0 1
-1 3 3
+4 3 0 0 1 0 0 1
+4 3
-4 3 0 3
+1 6 3
+2 3 0 3
-2 3 0 3
+3 3
+2 3 0 3
+1 3
+1 12 0 3
+1 3 3
+3 6 2
+2 2 2
+2 2 2 0 0 2 0 0 2
+2 2
+1 2 0 2
+1 2
-4 2 0 2
+4 4 2 2

fn=(164) _dl_lookup_symbol_x
716 1404 0 702 1 0 3 1
477 117 117 0 0 85 0 0 73
716 234 0 234 0 0 8 0 0 1
477 351
-1 234 0 0 1 0 0 1
+2 117
-1 117
+1 351
-1 351 117 0 0 1
+1 1422
-1 1422
+1 4266
-1 4500 1422 117 0 18 0 0 16
718 117
+4 117 0 117 0 0 5
+9 117 117
-13 117 0 117 1 0 2 1
+15 117 117
-14 234 0 234 0 0 1 0 0 1
+14 117 117 0 0 9
-2 117
+6 936 0 234 1 0 0 1
+2 1521 702 819 1 0 11 1 0 2
cfn=(166)
calls=117 82 
* 101523 32949 12816 27 780 38 24 198 14
+3 234
+3 12
-8 48 12
-7 234 0 117 1 0 0 1
+40 234 117
+24 105 105
+1 735 210
+26 105
+9 525 105 0 1 0 0 1
+14 315 105 0 0 10
+3 420 210
+5 105 0 105
+2 936 819 0 1 0 0 1
-82 84 24 0 2 0 0 2
+18 12 0 12
+1 24
+54 2 0 1 1 0 0 1

fl=(42) /usr/src/debug/glibc-2.17-c758a686/elf/dl-reloc.c
fn=(158) _dl_relocate_object
148 50 0 30 1 0 0 1
+15 5
-15 10 0 10
+15 5
+1 20 5 5 1 1 0 1
+6 10 5
+6 15 5
-18 6
+22 6 3
+8 10 5 0 1 1 0 1
-33 5 0 5
+78 5 5
fi=(5) /usr/src/debug/glibc-2.17-c758a686/elf/../sysdeps/x86_64/dl-machine.h
79 5 5
fe=(42)
233 10 5 5
fi=(5)
79 15 0 0 1 0 0 1
fe=(42)
259 224 54 63 2 15 0 2
159 15 0 9
fi=(5)
316 24 0 12
fe=(42)
-57 3 3
fi=(4) /usr/src/debug/glibc-2.17-c758a686/elf/do-rel.h
48 3 3 0 0 1
fe=(42)
259 3 3
fi=(4)
58 3 3
fe=(42)
259 3 3
fi=(4)
47 6 3
+11 6
fe=(42)
259 2
159 10 0 6 1 0 0 1
fi=(5)
316 16 0 8
fe=(42)
-57 2 2 0 1 0 0 1
fi=(4)
48 2 2
fe=(42)
259 2 2
fi=(4)
58 2 2
fe=(42)
259 2 2
fi=(4)
47 4 2
+11 4
fe=(42)
259 5 5
fi=(4)
48 5 5
fe=(42)
259 5 5 0 0 2
fi=(4)
58 5 5
fe=(42)
259 5 5
fi=(4)
47 10 5
+11 10
+3 12
fi=(5)
525 62 31
+4 62
+2 93 31
+1 31 0 31 0 0 4 0 0 3
fi=(4)
61 126
+2 129 43 0 1 16 0 1 16
+2 38
-4 3 0 0 1 0 0 1
+13 6
+1 5 1
+1 24 12
fi=(5)
525 12 12
+24 12 12
fi=(4)
75 12
fi=(5)
549 12 12
+2 12 0 12
cob=(4)
cfi=(55)
cfn=(212)
calls=1 0 
* 8 3 0 1 0 0 1
cob=(4)
cfi=(55)
cfn=(210)
calls=1 0 
* 8 3 0 1 0 0 1
cob=(4)
cfi=(57)
cfn=(208)
calls=1 16 
* 5 3 0 1 0 0 1
cob=(4)
cfi=(59)
cfn=(206)
calls=1 25 
* 5 3 0 2 0 0 2
cob=(4)
cfi=(58)
cfn=(204)
calls=1 25 
* 5 3 0 1 0 0 1
cob=(4)
cfi=(57)
cfn=(202)
calls=1 10 
* 5 3 0 1 0 0 1
cob=(4)
cfi=(56)
cfn=(200)
calls=1 25 
* 5 3 0 2 0 0 2
cob=(4)
cfi=(55)
cfn=(198)
calls=1 0 
* 8 3 0 1 0 0 1
cob=(4)
cfi=(54)
cfn=(196)
calls=1 8 
* 5 3 0 1 0 0 1
cob=(4)
cfi=(53)
cfn=(194)
calls=1 25 
* 5 3 0 1 0 0 1
cob=(4)
cfi=(52)
cfn=(192)
calls=1 20 
* 8 3 0 1 0 0 1
cob=(4)
cfi=(51)
cfn=(190)
calls=1 15 
* 8 3 0 1 0 0 1
fi=(4)
75 12
fi=(5)
552 12 0 12
fi=(4)
75 14 0 1
fe=(42)
259 3 2
fi=(4)
75 9 0 9 1 0 0 1
fe=(42)
259 27 18
+3 15 5 0 1 0 0 1
+32 5 0 5
+3 10 5
+17 15 5 0 0 3
+2 40 35 0 0 2
fi=(4)
84 7 7 0 1 0 0 1
+2 14
+12 7 0 0 1 0 0 1
-15 7 7 0 0 1
+15 7
-15 7 0 7
+15 7
+10 10
+3 13
fi=(5)
515 9 6 0 0 1
fi=(4)
111 12 0 3 0 0 3 0 0 3
fi=(5)
515 3579 2386 0 0 448 0 0 448
fi=(4)
111 4772 0 1193 0 0 225 0 0 223
+7 21 7 0 1 6 0 1
+3 6 6 0 0 3
+3 6
-3 6 0 6 0 0 1
+3 6
-74 4
fi=(5)
442 4 0 4
fi=(4)
51 4 0 4 0 0 1
fi=(5)
442 16 0 8 1 0 1 1
fi=(4)
127 496 124 0 0 32 0 0 28
+9 234 117 0 0 1
+3 234 234
fi=(5)
284 117
fi=(4)
138 117 117 0 1 2 0 1
-2 117 117 0 0 60 0 0 44
+1 468 117 117
fi=(5)
284 117
+21 234
+4 234
+7 1508 222 0 1 93 0 1 79
fi=(4)
137 89
fi=(5)
316 178
fi=(4)
137 89 0 0 1 0 0 1
fi=(5)
316 89 0 89
fi=(4)
138 89
fi=(5)
316 178
fi=(4)
137 89
fi=(5)
316 280 0 89
fi=(4)
137 13
fi=(5)
316 26
fi=(4)
137 13
fi=(5)
316 13 0 13
fi=(4)
138 13
fi=(5)
316 26
fi=(4)
137 13
fi=(5)
316 1263 510 319 1 11 1 1
cfi=(6)
cfn=(164)
calls=102 716 
* 107035 32171 13433 35 624 11 35 274 1
* 408 102 204 0 0 3
+2 315 0 0 1 0 0 1
+3 109 109
-3 218 218 0 0 3
+3 327
+6 819 117 0 0 3 0 0 2
fe=(42)
177 10 5 0 1 4 0 1
+1 2
+2 4 2
+79 10 0 2 1 0 0 1
fi=(5)
85 6 6 0 0 3
+4 9 3 0 0 3 0 0 2
+14 3 3 0 1 0 0 1
-8 3 0 3
+8 6
+20 9 3
+26 12 3 0 0 3 0 0 1
435 206 103 103 1 15 21 1 12 9
fi=(4)
124 384 132 0 1 0 0 1
+19 8
+1 26 1
+1 21 7
+3 14 7 0 1 0 0 1
+4 14 7
-1 7 7
-3 7 7
+1 7 7
+1 7
-1 14 0 7
fi=(5)
316 28 7 0 0 1
+2 7 7
+3 7 7
-3 7 7
+3 21
488 14 14
+1 7 0 7
cob=(3)
cfi=(50) ???
cfn=(186) memcpy@GLIBC_2.2.5
calls=1 0 
* 15 4 0 1 0 0 1
cob=(3)
cfi=(49) /usr/src/debug/glibc-2.17-c758a686/time/../sysdeps/unix/sysv/linux/x86_64/gettimeofday.c
cfn=(184) gettimeofday
calls=1 30 
* 22 4 5 2 0 0 2
cob=(3)
cfi=(48) /usr/src/debug////////glibc-2.17-c758a686/string/../sysdeps/x86_64/multiarch/memset.S
cfn=(182) memset
calls=1 27 
* 8 4 0 2 0 0 2
cob=(3)
cfi=(44) /usr/src/debug////////glibc-2.17-c758a686/string/../sysdeps/x86_64/multiarch/strcmp.S
cfn=(180) strncasecmp
calls=1 120 
* 5 3 0 2 0 0 2
cob=(3)
cfi=(47) /usr/src/debug////////glibc-2.17-c758a686/string/../sysdeps/x86_64/multiarch/strnlen.S
cfn=(178) strnlen
calls=1 30 
* 5 3 0 1 0 0 1
cob=(3)
cfi=(45) /usr/src/debug/glibc-2.17-c758a686/time/../sysdeps/unix/sysv/linux/x86_64/time.c
cfn=(174) time
calls=1 36 
* 22 4 5 4 1 0 4
cob=(3)
cfi=(44)
cfn=(172) strcasecmp
calls=1 100 
* 5 3 0 2 2 0 2
+1 14 0 7
316 36 0 0 1 0 0 1
fi=(4)
129 26 7 6
fi=(5)
316 26 0 0 1 0 0 1
+91 36 12 0 1 0 0 1
+4 60 12 0 0 1
+5 60 24 12 0 2 9 0 2 9
-71 2 0 0 1 0 0 1
+1 3 1 1 0 1
471 3 1 0 1 0 0 1
+4 6 3 1
cfi=(18)
cfn=(46)
calls=1 61 
* 18 2 1 0 0 1 0 0 1
+2 3 2
+1 1
fi=(4)
108 3 1 0 1 1 0 1 1
fe=(42)
322 10 10 0 1 0 0 1
+1 5 5
+1 5
-1 5
-1 10
+2 5
+3 10 0 0 1 0 0 1
+1 15 0 5
cfi=(35) /usr/src/debug////////glibc-2.17-c758a686/misc/../sysdeps/unix/syscall-template.S
cfn=(114) mprotect
calls=5 81 
* 25 5
* 10
fi=(5)
132 6
+2 6 0 0 1 0 0 1
316 14
fi=(4)
129 3 0 2 1 0 1 1
+31 8 0 4 1 0 0 1
+2 20 5 0 1 1 0 1 1
+8 10 5
+1 5 5
-1 5
+1 5 5
fi=(5)
284 5
fi=(4)
170 10 0 5
fi=(5)
284 5
+21 10 0 0 1 0 0 1
+4 10
+7 135 30 25 2 1 1 2
cfi=(6)
cfn=(164)
calls=5 716 
* 5373 1505 663 0 14
* 20 5 10
+2 15
+3 1 1
-3 2 2
+3 3 0 0 1 0 0 1
+6 35 5 0 0 1 0 0 1
435 15 5 5 0 1 1 0 1 1
fi=(4)
160 15 5 0 1 0 0 1
+14 5 2
fi=(5)
316 20 0 0 1 0 0 1
139 18 0 3 1 0 0 1
316 60 9 6 2 0 0 2
fe=(42)

fl=(10)
fn=(20)
28 18 0 0 1 0 0 1
+1 18
+1 18
+1 18
+2 8
+1 8
+2 8 8 0 0 1 0 0 1
+1 8
-1 18 18
+1 18
+1 25
+1 25
+1 25
+2 34
+5 17 17 0 0 1 0 0 1
+1 17
+1 17
+1 17
+3 17
-6 6 6
+1 6
+1 6
+1 6
+3 6
+1 19 0 0 1 0 0 1
+1 19
+1 19
+2 19
+3 15 15
+1 15
+1 15
+1 15
+3 15
+1 13
+1 13
+1 13
+2 13
+3 12 12 0 0 1 0 0 1
+1 12
+1 12
+1 12
+3 12
+1 8
+1 8
+1 8
+2 8
+3 7 7
+1 7
+1 7
+1 7
+3 7
+1 7
+1 7
+1 7
+2 8
+3 1
+2 1
+1 1
-3 16 0 0 1 0 0 1
+2 16
+1 16
+1 12
+2 12
+1 12
+1 12
+2 12
+1 12
+1 10
+2 10 0 0 1 0 0 1
+1 10
+1 5
+2 5
+2 5
+1 5
+1 5
+2 5
+1 5
+1 2
+2 2
+1 2
+1 1
+2 1
+1 1 1
-1 17
+1 17 17

fl=(13) /usr/src/debug/glibc-2.17-c758a686/elf/dl-environ.c
fn=(28) _dl_next_ld_env_entry
30 3 3 0 1 0 0 1
+3 11 3
+2 80 40 0 1 0 0 1
+11 38
-13 114 38
-2 1
+19 1 1
-14 18 8
+5 2
-3 2
+3 2 0 2
+2 2 2

fl=(29) /usr/src/debug/glibc-2.17-c758a686/elf/dl-error.c
fn=(142) _dl_receive_error
197 10 0 6 1 0 0 1
+1 1 1 1
cfi=(2)
cfn=(88) _dl_initial_error_catch_tsd
calls=1 877 
* 2 1
+5 1 1
-1 1 1
-4 1
+9 1 0 1 1 0 0 1
+2 1
-3 1 0 1
+3 1 0 1
cfi=(2)
cfn=(144) version_check_doit
calls=1 736 
* 4223 1307 383 22 36 17 22 28 16
+2 1 0 1
+1 1 0 1
+1 8 7

fn=(86) _dl_catch_error
159 42 0 36 2 0 2 2 0 2
+9 6 0 6 0 0 2 0 0 2
+2 6 6 6 0 0 1 0 0 1
cfi=(2)
cfn=(88)
calls=6 877 
* 12 6
* 6 0 6
+1 6 6 0 0 1
+2 12
-2 6 0 6
+2 6 0 6
cfi=(30) /usr/src/debug////////glibc-2.17-c758a686/setjmp/../sysdeps/x86_64/setjmp.S
cfn=(90) __sigsetjmp
calls=6 26 
* 120 30 48 2 0 1 2 0 1
+1 12
+2 12 6 0 1 0 0 1
+1 12 12
-1 6 0 6
+1 6 0 6
cfi=(37) /usr/src/debug/glibc-2.17-c758a686/elf/dl-deps.c
cfn=(126) openaux
calls=5 60 
* 13093 2378 3039 72 85 83 72 74 82
cfi=(2)
cfn=(92) map_doit
calls=1 704 
* 2581 510 282 77 20 32 77 19 32
+1 6 6 0 0 1
+4 6
-4 6 0 6
+1 12 6 6
+1 12 6 6
+1 12 6 6
+10 24 12 0 1 1 0 1

fl=(32) /usr/src/debug////////glibc-2.17-c758a686/io/../sysdeps/unix/syscall-template.S
fn=(102) open
81 56 0 0 1 0 0 1
+1 4 4
+1 50 10 10

fn=(120) close
81 16
+1 4 4

fn=(104) read
81 12 0 0 1 0 0 1
+1 3 3

fn=(122) access
81 4 0 0 1 0 0 1
+2 5 1 1

fl=(40) /usr/src/debug/glibc-2.17-c758a686/string/strdup.c
fn=(138) strdup
40 8 0 4
+1 2 0 2
cfi=(10)
cfn=(20)
calls=2 -13 
* 68 8
* 2 0 0 1 0 0 1
+1 4 0 2
cfi=(17)
cfn=(40)
calls=2 +51 
* 68 12 10
* 2 2 0 0 1
+2 4
+4 2
-1 4
+1 4 4
-1 4
cfi=(18)
cfn=(46)
calls=2 +14 
* 54 8 6

fl=(37)
fn=(124) _dl_map_object_deps
147 1 0 1 1 0 0 1
+1 1
-1 2 0 1
+1 1
-1 1 0 1
+1 1
-1 1 0 1
+1 2
-1 5 0 4 1 0 0 1
+1 1
-1 1 0 1
+1 2
+16 1
-2 1 0 1 0 0 1 0 0 1
+1 1 0 1
-15 1 0 1
+16 1 0 1
+6 3 1 0 1 0 0 1
+10 1
-10 1 0 1
+10 3
-14 1
-4 1
+2 1
+17 1 1
-17 1
-2 2
+2 1
-2 1
+2 1
-2 1 0 1
+1 1 0 1 1 0 0 1
+1 1 0 1
+6 3 1
+10 1
-10 1 0 1
+10 3 1
-16 3 0 1
+20 1
+21 1 0 1
+1 1 0 1 1 0 0 1
-22 2 0 2
+19 1 1
-12 1 0 1
+15 1 0 1
-16 1 0 1
+13 1 0 1 1 0 0 1
347 9 0 4
211 1
+8 1 1
-4 1 0 1
+4 1 0 0 1 0 0 1
-8 4
+8 4 4 0 0 1
-4 4 0 4
+4 4
+12 10 5
+2 3 3
+11 3 3
-5 3 0 3
-6 6 3 3 0 1
+5 3 0 3
+2 6 3 3
+1 6 3 3
+3 12 6 0 1 2 0 1
-32 3
+32 6 0 3
+50 10
+1 9 0 3
-51 316 79 0 0 12
+1 158 0 0 1 0 0 1
+6 25 10 5 0 1 1 0 0 1
cfi=(25) /usr/src/debug////////glibc-2.17-c758a686/string/../sysdeps/x86_64/rtld-strchr.S
cfn=(70) index
calls=5 40 
* 377 33 0 0 3 0 0 3
* 10
+5 25 20 0 1 0 0 1
-3 5 0 5
+3 5 0 5
cfi=(29)
cfn=(86)
calls=5 -97 
* 13383 2463 3164 72 87 85 72 74 84
+2 15 5
+15 5 5
+2 10 5
+5 3
+6 3 3 0 0 1
+4 3 3 0 1 0 0 1
-10 6
+3 3 0 3 0 0 1 0 0 1
+1 3 0 3
+6 3
-5 3 0 3
+1 3 0 3 0 0 1
+4 3
-2 3 3
+2 6 0 6
-2 9 0 3 1 0 0 1
-57 8 4 0 0 1
-19 2
475 10
+2 9 0 3
+3 6 0 0 1 0 0 1
-1 3 0 3
cfi=(17)
cfn=(40)
calls=3 93 
* 102 18 15
* 3 3
+2 3
-2 3
+2 3
+3 3 0 3 0 0 1 0 0 1
+1 18 0 3
cfi=(18)
cfn=(46)
calls=3 61 
* 68 9 6 0 0 1 0 0 1
+1 15 0 3
cfi=(18)
cfn=(46)
calls=3 61 
* 68 9 6
+4 3 0 3
-1 3 0 3
+5 20 10 0 1 1 0 1
+3 12 4
-1 5 5
+1 10 0 0 1 0 0 1
204 1
501 6 2
+1 2 1 1
+3 6 2 1 1 0 0 1
+11 3 1
-1 1 0 1
cfi=(17)
cfn=(40)
calls=1 93 
* 34 6 5
* 1 1
+3 1
-3 1
+3 1 0 0 1 0 0 1
+5 6 3
+1 1 0 1
-1 3 0 1
+3 12 5 0 1 0 0 1
+6 12 4 4
+4 4 4
-10 4 4
+10 4 0 4
-10 9 1
+6 3 1 1 0 0 1 0 0 1
+4 1 1
-10 1 1
+10 1 0 1
-10 3 0 1
+13 2 1
+53 4 2 0 1 0 0 1
+43 2 0 1 1 0 0 1
+1 1 0 0 1 0 0 1
-1 6 0 1
+1 1 0 1
cfi=(36) /usr/src/debug////////glibc-2.17-c758a686/string/../sysdeps/x86_64/rtld-memset.S
cfn=(116) memset
calls=1 30 
* 16 1 10
* 1 1
-2 10 2 3 1 0 0 1
+13 1 1
-6 1
-1 1 0 1
+1 1 1
+6 2
-13 9 6
+13 3 3
-6 3
-1 3 0 3
+1 3 3
+6 9
+2 12 6 0 1 0 0 1
+1 6
-1 12 6
+1 9
+3 21
-1 30 10
+23 6
-28 12
+31 12 4
+3 30 6 9
cfi=(36)
cfn=(116)
calls=3 30 
* 30 3 12
* 21 7 4 1 0 0 1
219 10 5 0 1 1 0 1 1
+1 22 9
+2 3
+2 9 6 0 1 1 0 1
+2 26 2 4 1 0 0 1
663 2 2 0 1 0 0 1
+25 2 1 1
+2 1 1
+1 1 0 1
-1 1 0 1
+9 3 1 0 1 0 0 1
+3 2
+3 8 7 0 0 1
297 222 0 0 1 0 0 1
628 9 3 2 2 0 0 2
cfi=(18)
cfn=(46)
calls=1 61 
* 42 7 6
+2 3

fn=(126)
60 10 0 5 1 0 0 1
+7 5 5
-4 15 10
+1 5 5
-1 5 5
+1 5 0 0 1 0 0 1
-1 25 5 5 0 0 1 0 0 1
cfi=(23) /usr/src/debug/glibc-2.17-c758a686/elf/dl-load.c
cfn=(94) _dl_map_object
calls=5 2094 
* 13008 2338 3024 70 85 82 70 74 81
* 5 0 5
+5 10 10

fl=(39) /usr/src/debug/glibc-2.17-c758a686/elf/dl-cache.c
fn=(136) _dl_cache_libcmp
139 60 40 0 1 17 0 1 17
+1 44
+2 196
+2 98 0 0 1 0 0 1
-2 98
+2 4
+6 2
+2 2 2
-1 2
-1 2
+1 2
-1 2
+2 6
+2 10 2 0 1 0 0 1
+2 4
+6 192 0 0 1 0 0 1
+2 348 156
+4 78
+1 78
-29 156
+32 4
+1 4 2
-8 18
+8 36 18

fn=(132) _dl_load_cache_lookup
185 18 0 12 1 0 0 1
+8 4 2
+3 6 2 0 1 0 0 1
+45 5 2
+6 2
-6 1 1
+6 2
+8 2
+20 2 2
-20 2 0 2
+7 2 2
-7 4 2 2 1 0 0 1
+20 2
-13 4 2 2
-7 2 0 2
+7 2 0 2
+13 284 50 18 1 17 0 1 17
cfn=(136)
calls=18 139 
* 1302 198 0 4 17 0 4 17
* 82 0 0 1 0 0 1
-76 4 0 1 2 0 1 2 0 1
cfi=(31)
cfn=(134) _dl_sysdep_read_whole_file
calls=1 43 
* 94 16 15 3 0 1 3 0 1
+8 1
-8 1
+8 4 1
+1 4 0 1
cfi=(14) /usr/src/debug/glibc-2.17-c758a686/string/../string/memcmp.c
cfn=(30) bcmp
calls=1 319 
* 112 29 6 0 1 0 0 1
* 2
+7 1 1 0 1 0 0 1
-3 1 0 1
+3 3
+3 1
+1 2
-1 1 0 1
+1 1
+1 3 0 1
cfi=(14)
cfn=(30)
calls=1 +99 
* 111 20 6 6 2 0 6 2
* 2 0 0 1 0 0 1
+2 2
+53 26 6 4 3 0 0 3
cfn=(136)
calls=2 139 
* 144 22
* 8 2
-12 6 4
+12 2
-12 4 0 4
-1 4 0 2
+13 46 18 0 3 1 0 3 1
+16 4 2
+4 4
+8 6 0 4
cfi=(10)
cfn=(20)
calls=2 28 
* 90 8 0 0 2 0 0 2
* 4 0 0 1 0 0 1
+1 2 2
-1 6
+1 2
-1 2
+1 4 0 2
cfi=(18)
cfn=(46)
calls=2 61 
* 54 8 6
+1 4 0 2
cfi=(40)
cfn=(138)
calls=2 40 
* 226 34 24 1 1 0 1
+1 16 14

fn=(218) _dl_unload_cache
316 4 1 0 1 1 0 1
-1 1
+3 2 1 1 0 1
cfi=(35)
cfn=(220) munmap
calls=1 81 
* 5 1
+1 1 0 1
+2 2 1

fl=(70)
fn=(282) _dl_runtime_resolve_sse_vex
171 1 0 0 1 0 0 1
+3 1 0 1
+1 1 0 1
+1 1 0 1
+1 1 0 1 1 0 0 1
+1 1 0 1
+1 1 0 1
+1 1 0 1
+1 1 0 1
+1 1 0 1
+1 1 0 1
+1 1 0 1
+1 1 0 1
+1 1 0 1 1 0 0 1
+1 1 0 1
+1 1 0 1
+5 1
+1 1
+1 1
+1 1
+14 1 1
+1 1 1 0 1 0 0 1
+1 1 0 1
cfi=(71) /usr/src/debug/glibc-2.17-c758a686/elf/../elf/dl-runtime.c
cfn=(284) _dl_fixup
calls=1 68 
* 1490 448 163 5 22 9 5 4 9
+1 1
+5 1
+1 1
+1 1
+1 1
+13 1 1
+1 1 1
+1 1 1 0 1 0 0 1
+1 1 1
+1 1 1
+1 1 1
+1 1 1
+1 1 1
+1 1 1
+1 1 1
+1 1 1
+1 1 1
+1 1 1
+1 1 1
+1 1 1
+8 1
+3 1
cob=(3)
cfi=(72) /usr/src/debug/glibc-2.17-c758a686/csu/../csu/libc-start.c
cfn=(288) (below main)
calls=1 134 
* 3673795023 1187568136 450450438 460 7899245 509439 428 1014 33071

fn=(283) _dl_runtime_resolve_sse_vex'2
171 9
+3 9 0 9
+1 9 0 9
+1 9 0 9
+1 9 0 9
+1 9 0 9
+1 9 0 9
+1 9 0 9
+1 9 0 9 0 0 2
+1 9 0 9 0 0 1
+1 9 0 9
+1 9 0 9 0 0 1
+1 9 0 9 0 0 1
+1 9 0 9
+1 9 0 9
+1 9 0 9
+5 9
+1 9
+1 9
+1 9
+14 9 9
+1 9 9
+1 9 0 9 0 0 1
cfi=(71)
cfn=(284)
calls=9 68 
* 10833 3497 1426 3 333 50 0 9 8
+1 9
+5 9
+1 9
+1 9
+1 9
+13 9 9
+1 9 9
+1 9 9
+1 9 9
+1 9 9
+1 9 9
+1 9 9
+1 9 9
+1 9 9
+1 9 9
+1 9 9
+1 9 9
+1 9 9
+1 9 9
+1 9 9
+8 9
+3 9
cob=(3)
cfi=(105) /usr/src/debug/glibc-2.17-c758a686/stdlib/cxa_finalize.c
cfn=(554) __cxa_finalize
calls=2 30 
* 106 30 14 5 2 0 5 1
cob=(3)
cfi=(102) /usr/src/debug/glibc-2.17-c758a686/libio/iofclose.c
cfn=(504) fclose@@GLIBC_2.2.5
calls=1 40 
* 414 110 81 26 15 0 26
cob=(3)
cfi=(99)
cfn=(470)
calls=1 29 
* 549 136 122 45 20 12 43 4 12
cob=(3)
cfi=(79)
cfn=(460)
calls=1 2922 
* 85 18 9 4 5 1 4
cob=(3)
cfi=(79)
cfn=(418)
calls=1 2956 
* 161 35 28 15 3 1 15 0 1
cob=(3)
cfi=(92)
cfn=(384)
calls=1 36 
* 281 87 52 31 4 0 31
cob=(3)
cfi=(79)
cfn=(326)
calls=1 2886 
* 188 28 29 2 3 0 2
cob=(3)
cfi=(78) /usr/src/debug/glibc-2.17-c758a686/libio/iofopen.c
cfn=(320) fopen@@GLIBC_2.2.5
calls=1 103 
* 57823 13949 459 98 1091 49 98 865 39

fn=(280)
70 1 0 0 1 0 0 1
+1 1
+1 1
+1 1
+1 1
+1 1
+1 1
+1 1
+1 1
+3 1
+3 1
+3 1
cfn=(282)
calls=1 +84 
* 3673796558 1187568601 450450617 470 7899267 509448 438 1018 33080

fn=(281)
70 9
+1 9
+1 9
+1 9
+1 9
+1 9
+1 9
+1 9
+1 9
+3 9
+3 9
+3 9
cfn=(283)
calls=9 +84 
* 70845 18043 2364 229 1476 119 224 879 60

fl=(8) /usr/src/debug/glibc-2.17-c758a686/elf/../sysdeps/unix/sysv/linux/x86_64/brk.c
fn=(14) brk
31 1 0 0 1 0 0 1
-3 1
+3 6 0 1 0 0 1 0 0 1
+8 1
-6 2 0 0 1 0 0 1
+7 1 1

fl=(34) /usr/src/debug/glibc-2.17-c758a686/misc/../sysdeps/unix/sysv/linux/wordsize-64/mmap.c
fn=(112) mmap
32 11 0 11 1 0 0 1
+1 11
-1 99 0 55 0 0 3 0 0 3
+1 27
+1 110
+2 77 77
-3 26 3 0 2 0 0 2

fl=(71)
fn=(284)
68 20 0 10 1 0 0 1
+6 20
-6 10
+3 10 10 0 0 4
-1 10 10 0 0 4
+1 10 10 0 0 6
+3 10 10 0 0 7
+1 10 10
-1 20 10 0 0 7
+1 30 10 0 1 7 0 1
+1 10 10 0 0 4
-1 10 0 10
+1 20 10
+9 20 10 0 0 7
+4 30 10 0 0 8
+4 18 18 0 0 13
+1 36 9 0 1 4 0 1
+2 36 9 0 0 5
+7 30 10 0 0 1
-1 10
+11 90 20 30 1 6 2 1
cfi=(6)
cfn=(164)
calls=10 716 
* 11641 3689 1529 3 265 57 0 13 17
* 10
+4 30 10
+10 60 20 0 0 3
+16 10 10 0 1 0 0 1
-8 10 10
+8 30
+4 30 10 0 0 4
fi=(5)
250 10 0 10
fe=(71)
-99 30 20
-64 2

fl=(11) /usr/src/debug/glibc-2.17-c758a686/elf/../misc/sbrk.c
fn=(22) sbrk
34 4 0 2 1 0 0 1
+8 6 2
+4 2
+11 5 3 0 1 0 0 1

fl=(30)
fn=(90)
26 6 0 6 1 0 0 1
+9 6
+1 12 6
+1 6 0 6
+4 6 0 6
+1 6 0 6
+1 6 0 6
+1 6 0 6 0 0 1 0 0 1
+1 6
+2 12 6
+2 6 0 6
+1 6 6
+1 6
+2 12 6 0 1 0 0 1
+2 6 0 6
+4 6
+1 6 6

fl=(26) /usr/src/debug/glibc-2.17-c758a686/elf/dl-debug.c
fn=(80) _dl_debug_state
75 2 2

fn=(76) _dl_debug_initialize
51 10 0 0 1 0 0 1
+5 8
+5 2 0 0 1 0 0 1
-1 1 0 1
+1 2 1
+1 2 0 1
-1 2 1 1
-9 5 5 0 1 0 0 1
+4 10 5 0 0 2 0 0 1
+4 1
-1 1 0 1
-59 5 4

fl=(2)
fn=(50)
917 12 6 6 1 0 2 1 0 1

fn=(152) init_tls
803 1 0 0 1 0 0 1
-1 1 1 0 0 1
-6 1 0 1
+2 2 1 1 0 1
+4 1
+10 2
-4 1 0 0 1 0 0 1
+4 2 0 1
cfi=(17)
cfn=(36)
calls=1 102 
* 43 7 5
* 1 1
-1 1 0 1
+6 1
-9 1 0 1
+11 1 0 1
+6 1 1
-1 1
+1 12
+2 10 5 0 0 4
+4 1
+2 1
-2 2 0 1 0 0 1 0 0 1
-5 10 5 0 1 0 0 1
+12 1 0 1
cfi=(27) /usr/src/debug/glibc-2.17-c758a686/elf/dl-tls.c
cfn=(154) _dl_determine_tlsoffset
calls=1 144 
* 56 11 8 4 0 0 4
+7 1 0 1
cfi=(27)
cfn=(156) _dl_allocate_tls_storage
calls=1 349 
* 455 31 313 3 0 37 3 0 37
+1 1
-1 1
+1 1
+6 1 1 0 1 0 0 1
+8 1
-8 1 0 1
+8 6 0 2
+4 2 0 1 1 0 0 1
+3 2 2

fn=(52)
923 12 6 6 0 0 1

fn=(24) dl_main
1005 1 0 1 1 0 0 1
+19 1
-19 4 0 2
2598 1
1005 6 0 3 1 0 1 1 0 1
+19 1 0 1
+3 1
2598 1 1
1005 1 0 1 0 0 1 0 0 1
+22 1 0 1 0 0 1 0 0 1
+4 2 0 1 0 0 1 0 0 1
+1 2 0 1 1 0 0 1
+5 2 0 1
2591 2 1 1 0 0 1 0 0 1
+7 1
-5 1
+5 4 0 1
+5 1 0 1 0 0 1 0 0 1
cfi=(12) /usr/src/debug/glibc-2.17-c758a686/elf/dl-tunables.c
cfn=(26) _dl_process_tunable_env_entries
calls=1 37 
* 259 86 1 2 19 0 2 19
* 1 0 0 1 0 0 1
-9 4 0 3
+11 2 1 1
cfi=(13)
cfn=(28)
calls=1 30 
* 174 59 1 2 0 0 2
* 4 2 2
cfi=(13)
cfn=(28)
calls=2 30 
* 100 36 1
* 9
+4 48 2 0 1 0 0 1
+1 19
-1 57 19
+3 4
+6 16 2 0 1 1 0 1 1
2766 3 1
+30 3 1
1045 2 1 0 1 0 0 1
-2 1 0 1 1 0 1 1 0 1
+2 1
1241 7 0 1 1 0 0 1
cfi=(15)
cfn=(32)
calls=1 62 
* 244 29 50 20 4 13 19 3 13
* 1
+3 1 0 1 1 0 1 1 0 1
+1 1 1
+5 2
-5 1 0 1
+1 1 1
1014 1
1246 1 0 1
+4 1 0 1
cfi=(15)
cfn=(48)
calls=1 33 
* 34 8 9 4 0 1 4 0 1
* 3 1 1
+30 1 1 0 1 0 0 1
-3 1 0 1
-5 1 0 1
+1 1 0 1
+2 1 0 1
+5 6 0 0 1 0 0 1
+56 2 1
1011 1
1336 2
-55 24
-1 27
+1 47 9 0 1 5 0 1 5
-1 2 2 0 1 0 0 1
1383 3 1 0 0 1 0 0 1
+3 2
+2 2 0 0 1 0 0 1
+2 2 1
+13 2
+1 8 5 2 1 0 0 1
cfi=(19)
cfn=(54)
calls=1 134 
* 7 3 0 1 1 0 1 1
* 3 1
+11 1
-4 1 0 1
+1 1 0 1
-3 1 0 1
+6 1 0 1
+6 2 0 0 1 0 0 1
fi=(3) /usr/src/debug/glibc-2.17-c758a686/elf/get-dynamic-info.h
29 1 1
+9 2
+6 1 1 0 0 1 0 0 1
-2 1
+2 2
+7 1
+5 1
+3 1
+2 1
-3 1 0 0 1 0 0 1
-3 1
-3 14 0 3 0 0 2 0 0 2
+10 3
-18 9 3
+8 21 0 21 0 0 3 0 0 3
+10 21
-18 63 21 0 0 6 0 0 6
+2 48
+5 12 0 0 1 0 0 1
+18 3 1
+67 3 1 0 1 0 0 1
+14 3 1 0 1 1 0 1 1
+18 2 1 0 1 0 0 1
fe=(2)
1426 2 0 1
cfi=(6)
cfn=(10)
calls=1 865 
* 14 5 3 0 1 0 0 1
+3 2 1
fi=(20) /usr/src/debug/glibc-2.17-c758a686/elf/setup-vdso.h
24 2 1 0 1 0 0 1
fe=(2)
1451 1 0 1 1 0 0 1
cfi=(21) /usr/src/debug/glibc-2.17-c758a686/elf/../sysdeps/unix/sysv/linux/dl-sysdep.c
cfn=(60) _dl_discover_osversion
calls=1 45 
* 93 16 7 5 1 1 5 1 1
* 8 1 1
1285 3 1 1 1 0 0 1
+1 1
+90 2 1 1
+1 2 1 1
+1 1
-6 2 1 1 1 0 0 1
+1 1
-37 2 2 0 1 1 0 1 1
-1 2 2
+1 4
-1 2
+2 4 2
+1 1 0 1
+3 2 1
+1 2 1
-1 2 1 0 0 1 0 0 1
+1 2 1
+1 2 0 2
+1 6 3
+1 2 0 1
-45 1 1 0 1 1 0 1 1
+9 1
-9 1 1
+9 1 1 0 1 0 0 1
-7 1
+25 1
-25 1 0 1
-3 1 0 1 0 0 1 0 0 1
+10 1
-19 3 2 1 1 0 0 1
+1 1
2693 4 2 0 1 0 0 1
+1 4 0 1 1 0 0 1
cfi=(14)
cfn=(30)
calls=1 319 
* 120 31 6 4 1 1 4 1 1
* 2
+2 3 0 1
-57 4 0 1 1 0 0 1
cfi=(14)
cfn=(30)
calls=1 319 
* 26 9 6 0 1 0 0 1
* 2
+7 4 0 1 2 0 0 2
cfi=(14)
cfn=(30)
calls=1 319 
* 80 21 6 0 1 0 0 1
* 2
+2 3 0 1
1456 2 1 1 1 0 0 1
cfi=(23)
cfn=(64) _dl_init_paths
calls=1 710 
* 1908 354 195 58 1 10 58 1 10
+3 3 1 1
cfi=(26)
cfn=(76)
calls=1 51 
* 17 4 4 3 1 0 3 1
+7 1 1 0 1 0 0 1
-7 1 0 1
+2 1 0 1
+5 1
+3 3 2 1
+1 1 1
+3 1 0 1
-3 3 0 1
+1 2 0 1 1 0 0 1
+3 1 0 1
+5 1 1
-7 1 0 1
+7 1
+1 5 1 1
+4 1 1
+4 1 1 0 0 1 0 0 1
-2 4 1 0 1 0 0 1
+1 2 0 1
+1 3 0 1 0 0 1 0 0 1
+5 2
+1 6 1 0 1 1 0 1 1
+2 2 1 1 0 0 1 0 0 1
+1 2 1 1
+5 2 1
+6 4 2 0 1 0 0 1
+1 2
-2 1 0 1
1020 1 0 1
1688 1 0 1
cfi=(27)
cfn=(78) _dl_count_modids
calls=1 111 
* 4 3 0 2 0 0 2
* 1 0 1
+8 3 1
+3 2 1 1 1 0 0 1
+4 3 1
+7 1
+4 3 1
+19 3 1 0 1 0 0 1
+16 3 0 1
cfi=(32)
cfn=(122)
calls=1 81 
* 9 1 1 1 0 0 1
* 2
+77 4 2
+17 3 0 0 1 0 0 1
+1 1
-1 1
+1 2
-1 1
+1 5 0 1
cfi=(37)
cfn=(124)
calls=1 147 
* 15704 2871 3386 104 113 92 104 78 90
+1 1
+5 1 1
-5 3
+2 2 0 1 1 0 1 1
+3 4 1
+1 4 1 1
-1 2
+1 16 4 4
-1 8
+4 3 2 1
+1 3 1 0 1 0 0 1
+1 1 0 1
+2 2
+1 5 2
-1 5
+1 6 3
-1 9
1445 3 0 1 1 0 0 1
1735 3 0 0 1 0 0 1
+1 1
-1 2
+1 1 0 1
cfn=(82) handle_ld_preload
calls=1 970 
* 3589 625 336 93 22 40 93 19 40
* 1
+1 4 0 0 1 0 0 1
+2 3 0 1
1872 1 1 0 0 1
-1 2 1 1
+1 1
+2 1
+2 3 0 0 1 0 0 1
+2 1 1 0 0 1
-4 1 0 1
+4 2
+15 2 0 1
+1 3 1
+13 1 1 0 1 0 0 1
-2 1
+2 1
-2 1
+2 1
-1 1 0 1 0 0 1 0 0 1
-1 2 0 1
+2 1 0 1
cfi=(29)
cfn=(142)
calls=1 197 
* 4253 1318 395 24 36 17 24 28 16
+10 1 1 0 1 0 0 1
+1 1 1
-1 1 0 1
+1 1
+1 1 0 1
cfn=(152)
calls=1 803 
* 626 66 339 12 6 38 12 0 38
* 1 0 1
+2 2 1
932 1 1 0 0 1
fi=(108) /usr/src/debug/glibc-2.17-c758a686/elf/../sysdeps/unix/sysv/linux/dl-osinfo.h
86 2 1 0 0 1
fe=(2)
934 1 0 1
fi=(108)
112 1 1 0 1 0 0 1
fe=(2)
943 1 0 1
+7 1 0 1
-5 1 0 1
1926 2 1
2159 3 1 0 0 1
+56 1 0 0 1 0 0 1
+4 1 1
+7 1
-11 1 0 1 1 0 0 1
+4 3 1 2
+4 2 1 1 0 0 1
+3 1
+8 2
+99 4 2 0 1 1 0 1
+2 1 0 1 0 0 1
+5 2 1 1
cfi=(27)
cfn=(214) _dl_allocate_tls_init
calls=1 443 
* 238 29 143 6 6 3 6 0 3
+4 2 1 0 1 0 0 1
+16 2
+29 1 0 1
cfi=(7) /usr/src/debug/glibc-2.17-c758a686/elf/../elf/dl-sysdep.c
cfn=(216) _dl_sysdep_start_cleanup
calls=1 251 
* 1 1 0 1 0 0 1
+4 3 1
+20 3 0 1 1 0 0 1
cfi=(26)
cfn=(76)
calls=1 51 
* 8 3 0 0 1
+1 1 0 1
-1 1
+2 1 0 1
cfi=(26)
cfn=(80)
calls=1 75 
* 1 1
+1 1
+4 1 0 1
cfi=(39)
cfn=(218)
calls=1 316 
* 15 4 2 1 2 0 1
+5 8 7 0 0 2
-65 2 1 0 1 0 0 1
+15 1
+3 1 1
-3 1
+3 1
-3 2
+3 2
-3 1
+2 1 0 1
+1 1 0 1
cfi=(42)
cfn=(158)
calls=1 148 
* 10158 3162 1340 0 68 2 0 1
+1 4
+2 3 0 1
2280 3 1 0 1 0 0 1
+7 1 0 1 0 0 1
+2 11 1 1 1 0 0 1
+2 1
+2 15 10 0 0 5
+5 10 10 0 0 1
+2 10
+8 5
-2 5 0 5 1 0 0 1
+2 10
+1 32 8 4 0 5
cfi=(42)
cfn=(158)
calls=4 148 
* 122578 35988 15260 111 1316 282 111 911 250
+4 17 6 0 0 1
-22 14 1 0 1 1 0 1
+25 4
+2 1
+6 1 1
-6 1 0 1 0 0 1
+6 1
-22 1 0 1 1 0 0 1
+1 1 1
-3 2
+14 2 0 1
cfi=(27)
cfn=(188) _dl_add_to_slotinfo
calls=1 879 
* 24 9 6 3 2 1 3
* 2
2209 1 1
1013 2
1890 3 0 0 1 0 0 1
-21 2 0 1
1708 2 1 1 1 0 0 1
+1 1 0 1
cfi=(26)
cfn=(80)
calls=1 75 
* 1 1
* 1 0 0 1 0 0 1
1830 1
+1 1
-1 7 0 0 1 0 0 1
+4 1 0 1
+1 1 1
-1 1
+2 2

fn=(144)
736 2 0 1 1 0 0 1
+2 4 2 1 1 0 0 1
cfi=(41) /usr/src/debug/glibc-2.17-c758a686/elf/dl-version.c
cfn=(146) _dl_check_all_versions
calls=1 381 
* 4213 1303 381 20 36 17 20 28 16
* 2
+4 2 2

fn=(92)
704 2 0 1 1 0 0 1
+2 7 3 1
cfi=(23)
cfn=(94)
calls=1 2094 
* 2569 505 279 76 20 32 76 19 32
* 1 0 1
+2 2 2

fn=(88)
877 14 7

fn=(2) _dl_start
441 9 0 6 1 0 1 1 0 1
+18 4
fi=(3)
44 1 1 0 0 1 0 0 1
fe=(2)
459 1 0 1 0 0 1 0 0 1
fi=(5)
59 3 1 0 0 1 0 0 1
fi=(3)
-15 1 0 0 1 0 0 1
fe=(2)
488 1 0 1 0 0 1 0 0 1
-3 1 0 1
fi=(3)
44 1
+17 2
-3 1
-7 1
+5 1
+3 1 0 0 1 0 0 1
+2 1
-3 1
-3 1
-3 2
-5 28 0 14 0 0 4 0 0 4
+15 14
-18 42 14 0 0 3 0 0 3
+18 1
-18 3 1
+2 40
+5 24 0 0 1 0 0 1
+1 20 0 5 0 0 3 0 0 3
+10 5
-18 15 5 0 0 2 0 0 2
+25 2
+20 4 1 1
+1 4 1 1 1 0 0 1
+1 4 1 1
+1 4 1 1
+2 4 1 1
+5 4 1 1 1 0 0 1
+1 4 1 1
+1 4 1 1
fe=(2)
621 34 10 0 2 0 0 2
fi=(4)
111 1
-28 1 1 0 1 0 0 1
+28 2
fi=(5)
515 3 2 0 0 1 0 0 1
fi=(4)
111 2
fi=(5)
515 1 0 1 0 0 1 0 0 1
fi=(4)
111 1
fi=(5)
515 27 18 0 0 3 0 0 3
fi=(4)
111 18
fi=(5)
515 9 0 9 0 0 1 0 0 1
fi=(4)
111 9
+13 1
fi=(5)
327 1
fi=(4)
124 2
+13 1 1 0 0 1 0 0 1
+2 2 1
-2 1
fi=(5)
281 1
fi=(4)
137 1 0 0 1 0 0 1
fi=(5)
309 1
fi=(4)
137 2
fi=(5)
309 1
fi=(4)
137 8 8 0 0 2 0 0 2
+2 16 8
-2 8
fi=(5)
281 8
fi=(4)
137 8
fi=(5)
309 8
fi=(4)
137 16
fi=(5)
309 8
+9 18
+3 9 9 0 0 6 0 0 6
-3 18 18 0 0 2 0 0 2
+3 27
+6 54 9 0 0 1 0 0 1
fi=(3)
53 4 0 0 1 0 0 1
+3 4 0 0 1 0 0 1
+3 4
+1 1
+1 2 0 1 0 0 1 0 0 1
fe=(2)
378 1 0 0 1 0 0 1
623 1 0 1 0 0 1 0 0 1
378 1 0 1 0 0 1 0 0 1
cfi=(6)
cfn=(10)
calls=1 865 
* 23 7 6 2 1 0 2 1
+1 2 0 1
+1 2 0 1 0 0 1 0 0 1
+1 2 0 1 1 0 0 1
+1 2 0 1
+20 1
+9 1
-9 3
+9 1
-6 1 0 1 0 0 1 0 0 1
-3 1 0 1 0 0 1 0 0 1
+9 1 0 1 1 0 0 1
cfi=(7)
cfn=(12) _dl_sysdep_start
calls=1 86 
* 162018 45090 21702 552 1663 529 551 1105 486
* 1 0 0 1
+9 4
+3 1 1 0 0 1
+4 1 1
-4 1 0 1 0 0 1
+4 1
648 9 7 0 0 1
fi=(5)
416 9 9 0 1 1 0 1 1
+9 9 0 9 0 0 1 0 0 1
fi=(4)
124 28
fe=(2)

fn=(82)
970 7 0 6 1 0 0 1
+1 1
-1 1
-75 1
+86 1
-11 1 0 1 0 0 1 0 0 1
-75 6 0 3 1 0 1 1 0 1
+80 3 1
fi=(28) /usr/src/debug/glibc-2.17-c758a686/elf/../string/bits/string2.h
+9 3
+1 5
-1 264
+1 132
+1 66
-2 66 66
+2 66
-2 199 1 0 1 0 0 1
+2 1
-2 3
fe=(2)
-5 3
+10 4 0 0 1 0 0 1
108 3 1
992 2 1
890 1 1
+5 5 3 0 1 0 0 1
-10 1 0 1
+4 1 0 1
+1 1 0 1
+1 1 0 1
+2 1 1
+2 1 0 1
cfi=(29)
cfn=(86)
calls=1 159 
* 2639 527 307 83 21 36 83 19 36
+1 2 1
+8 3 1
+89 1
-18 3 1
+21 9 7 0 0 1
-15 4 0 1 1 0 0 1
cfi=(18)
cfn=(46)
calls=1 61 
* 74 13 12 3 0 2 3 0 2
* 1
+1 3 0 1 1 0 0 1

fl=(24) /usr/src/debug/glibc-2.17-c758a686/elf/dl-hwcaps.c
fn=(66) _dl_important_hwcaps
39 8 0 6 1 0 0 1
+2 1 1
-2 1 0 1 0 0 1 0 0 1
+3 1
-3 2 0 2 1 0 0 1
+3 1
-3 1 0 1
+2 3 1 1
+1 2 0 1
+9 1
-10 1 0 1 0 0 1 0 0 1
+10 2
+10 4 1 1 1 0 0 1
+42 1 0 0 1 0 0 1
+4 1
-1 8 0 2
+30 2 0 0 1 0 0 1
+8 2 1 0 1 0 0 1
+2 3 2 1
+1 2 1 1
+1 2
+3 2 1
+7 1
-7 1 0 1 1 0 0 1
+1 1 0 1
+7 1 1
-1 1
+4 3 1
+1 1
-1 6 1 3
+1 1
+18 12 1 6 1 0 0 1
+1 4 0 2 1 0 0 1
cfi=(17)
cfn=(40)
calls=1 -89 
* 34 6 5
* 1 1
+1 1
-1 1
+1 4 3
+26 1
+3 1
-3 2 0 2
+3 1
+28 9 1 0 1 0 0 1
+1 2 0 1
-1 2 0 0 1 0 0 1
+1 6 0 3
-1 8 2
+5 6
+3 1
-3 1
+3 2
-3 1
+3 1
-3 2
+3 1
-3 1
+3 2
-3 1
+3 3
+1 12 0 0 1 0 0 1
+1 4 4
-1 4
+1 8 0 4
-2 4
+1 8
-1 14
+4 4
+3 1 1
+2 2 1 0 1 0 0 1
-1 1
-1 2
+2 10 2 0 1 0 0 1
+13 2 1 0 1 0 0 1
+1 1
-1 1 0 1
+3 2
-3 2 1
+1 1
-1 1 0 1
+3 2
+3 3 2 1
+3 9 7
-65 4 3 1 1 0 0 1
cfi=(18)
cfn=(68)
calls=1 61 
* 22 3 2 3 1 1 3 1 1
+1 2 2
-1 2 0 1
+1 1 0 1
cfi=(18)
cfn=(68)
calls=1 61 
* 22 3 2
* 4 0 3

fl=(19)
fn=(54)
134 639 639 0 1 69 0 1 15
+1 639 639 0 0 41 0 0 5
+1 639
+1 347
+1 347
+1 347
+1 347
cfn=(55) strcmp'2
calls=347 -6 
* 13396 4091 0 0 6 0 0 4
+5 292
+1 292
+1 292
+1 292 292

fn=(55)
134 1872 1872 0 0 6 0 0 4
+1 1872 1872
+1 1872
+1 1671
+1 1671
+1 1671
+1 1671
cfn=(55)
calls=1525 -6 
* 63801 18919 0 0 27 0 0 14
+2 146
+1 146 146
+2 201
+1 201
+1 201
+1 201 201

fl=(104) /usr/src/debug/glibc-2.17-c758a686/elf/dl-fini.c
fn=(528) _dl_sort_fini
33 9 0 6 1 0 0 1
+2 1
-2 4 0 4 1 0 0 1
+2 1
+6 1
-1 2
+2 1
-1 1
-1 2 0 1
+1 4 0 1
+1 1 0 1
cfi=(36)
cfn=(116)
calls=1 -12 
* 16 1 10
* 1 1
+15 8 1 1 1 0 0 1
+62 5 1
+3 27 6 9
cfi=(36)
cfn=(116)
calls=3 -92 
* 30 3 12
* 12 9
-75 6
-1 9 3 3
+1 3 3
+4 9 3
+71 1 1 0 1 0 0 1
-75 2
-1 3 1 1
+1 1 1
+4 11 5 0 1 0 0 1
+6 4 4
+1 4
-1 4
+1 7
+2 12 6
+1 6
-1 12 6 0 0 2
+1 9
+3 21
-1 30 10 0 0 2
+31 18 6 0 1 0 0 1
+21 6
-57 12
+61 16 3
+7 8 7

fn=(526) _dl_fini
132 3 0 2 1 0 0 1
+12 1
-12 5 0 4 1 0 0 1
+19 1 0 1
-6 1 0 1
+9 10 1 2 1 1 0 1
+3 2 1 1 0 1
cfi=(2)
cfn=(50)
calls=1 917 
* 2 1 1
+3 2 2 0 1 1 0 1
+3 2
+2 7 4
+11 3 1
+2 2 1
+3 9 0 1 1 0 0 1
+11 2 0 1
+2 10 5 0 0 2
+4 5 5
+2 5 0 5
-2 10 0 5 1 0 0 1
+6 5 0 5 0 0 1
-5 5 0 5 0 0 4
-7 15 5 0 0 1
+19 6 2 1
cfn=(528)
calls=1 33 
* 340 81 49 6 4 0 6
+9 2 1 1
cfi=(2)
cfn=(52)
calls=1 923 
* 2 1 1
+4 4 0 0 1 0 0 1
+2 1 1
+2 3 1
-2 4 4
+2 12 4
+3 10 0 5
+3 15 5 0 0 4
+4 6 3 0 1 0 0 1
+7 6
+4 3 3 0 0 3
+1 3 3
-1 3 3
+2 6 3
+1 9
+1 6 3 3 0 3
cob=(4)
cfi=(55)
cfn=(568)
calls=1 0 
* 1418 423 164 3 16 0 1
cob=(5) /usr/sup/valgrind-3.11.0/lib/valgrind/vgpreload_core-amd64-linux.so
cfi=(61) ???
cfn=(542) 0x0000000000000600
calls=1 0 
* 1132 331 139 7 23 5 7 1 1
cob=(6)
cfi=(69)
cfn=(530)
calls=1 0 
* 17 5 4 1 1 0 1
-1 9 0 0 1 0 0 1
+5 9 3 0 0 2
+1 9 6 3 0 3
cob=(2)
cfi=(16)
cfn=(588)
calls=1 0 
* 3 1 0 2 0 0 2
cob=(2)
cfi=(16)
cfn=(566)
calls=1 0 
* 3 1 0 1 0 0 1
cob=(2)
cfi=(16)
cfn=(540)
calls=1 0 
* 3 1 0 1
+5 30 10 0 0 1
+16 10 0 5
-55 11 5 1 1 0 0 1
-70 2 0 1
284 6 2
-49 4 2 0 1 2 0 1
+55 2 1 0 1 0 0 1
+7 8 7

fl=(22) /usr/src/debug////////glibc-2.17-c758a686/posix/../sysdeps/unix/syscall-template.S
fn=(62) uname
81 4 0 0 1 0 0 1
+1 1 1

fl=(38) /usr/src/debug/glibc-2.17-c758a686/io/../sysdeps/unix/sysv/linux/wordsize-64/xstat.c
fn=(130) _xstat
36 8 0 0 1 0 0 1
-1 8
+1 8
+1 48
+4 2 2
-4 24 6 6

fl=(41)
fn=(148) _dl_check_map_versions
174 45 0 30 1 0 0 1
+15 5 5
-15 10 0 10
+15 10
+2 5 5 0 0 1
+3 5 5 0 1 0 0 1
-3 5 0 5
+2 5 5 0 0 1
+1 5 0 5
+2 5
-3 5 0 5
+3 5
+3 12 6 6
+4 18 6 0 1 2 0 1 2
+17 3 3
56 3
220 3 3
56 3 3
220 3 3
56 15 3
220 1 1
56 1
220 1 1
56 1 1
220 1 1
56 5 1
+1 14 14
-1 28
+2 54 0 18 1 0 0 1
cfi=(31)
cfn=(96)
calls=18 304 
* 1240 376 74
* 40
228 12 4
+5 32 8 0 1 1 0 1 1
+20 2
-16 71 51 2 1 3 0 1 2
cfn=(150) match_symbol
calls=1 76 
* 135 45 9 4 4 0 4 4
* 15 5 10
cfn=(150)
calls=5 76 
* 919 314 45 0 20 0 0 17
* 6
+8 24 6
+3 26 6
+9 16 8
+5 1 0 1
+1 1
-80 2
-8 2
+96 15 5 0 1 0 0 1
+3 9 6 0 0 1
+10 28
-7 112 28
+3 84 28
-3 12 3 0 0 1 0 0 1
+3 9 3 0 0 1 0 0 1
+8 5 0 0 1 0 0 1
+86 5
-86 5
+87 8 7
-81 16 0 4 1 0 0 1
cfi=(17)
cfn=(36)
calls=4 102 
* 220 38 28
* 4 4
+1 4
-2 4 0 4
+2 4
+11 4 4
-3 4 0 4
+3 8 4 4 0 1 1
+2 12 4 0 1 0 0 1
+3 12 9
+4 12 4
+18 2
-15 6 2
+2 6
-2 12 4
+2 12
+2 6
+1 6
-1 12 6 0 1 0 0 1
+1 6
-1 6
+1 6 0 6 0 0 4 0 0 4
+1 6 6
-2 6 0 6
+2 12 0 6 0 0 1 0 0 1
+1 18 6 6
+3 18 6
+8 12 4
+5 1
+1 1
+4 12 4 0 1 0 0 1
+3 12 9
+20 28
-14 28 28
-2 28 28
+2 31 3
-2 3 3
+2 3
+4 28 28
+2 28 28
-1 56 28
+1 28
-1 84 0 28 0 0 8 0 0 8
+1 28 0 28
+1 28 0 28 0 0 3 0 0 3
+3 93 31
+10 4 0 0 1 0 0 1
-1 4
+1 28 28

fn=(150)
76 66 0 36 2 0 0 2
+9 6 6
-8 6 6
-1 12 0 12
+1 6 6 0 0 1
+8 6
+6 18 6 0 0 1
+18 12 12 0 0 1
+5 12 6 0 1 2 0 1 2
+14 78 39 0 0 2 0 0 2
+12 99 33 0 0 2 0 0 2
+4 33
-30 66 33 0 0 8 0 0 8
+16 6 6 0 1 1 0 1 1
+3 24 6 6 0 1 0 0 1
cfi=(19)
cfn=(54)
calls=6 +1 
* 544 158 0 0 5 0 0 5
* 12
+35 48 42

fn=(146)
381 6 0 4 1 0 0 1
+4 4
-2 2
+4 35 5 5 1 0 0 1
cfn=(148)
calls=5 174 
* 4124 1288 372 17 36 17 17 28 16
-2 5 5
+2 15
-1 5
-1 10
+5 7 5 0 1 0 0 1

fl=(25)
fn=(70)
40 10 0 0 1 0 0 1
+1 10
+1 10
+1 10
+1 6
+1 6
+3 6 6 0 0 3 0 0 3
+1 6
+1 6
-2 24 24
+1 24
+1 24
+1 30
+1 30
+1 30
+1 30
+1 30
+9 10 0 0 1 0 0 1
+1 10
+1 10
+2 20
+32 10 10
+1 10
+1 10
+1 10
+2 10
+3 10
-8 2 2
+1 2
+1 2
+1 2
+2 2
+3 2
+1 12
+1 12
+1 12
+2 12 0 0 1 0 0 1
+5 11
+1 11
+1 11
+3 11
+1 10
+1 10
+1 10
+2 10
+3 6 6
+1 6
+1 6
+1 6
+2 6
+3 6
+1 6
+1 6
+1 6 0 0 1 0 0 1
+2 6
+5 6
+1 6
+1 6
+3 6
+1 6
+1 6
+1 6
+2 6
+2 4 4
+1 4
+1 4
+1 4
+2 4
+3 4
+1 4
+1 4
+1 4
+2 4
+5 4
+1 4 0 0 1 0 0 1
+1 4
+3 4
+1 4
+1 4
+1 4
+2 4
+2 3 3
+1 3
+1 3
+1 3
+2 3
+3 3
+1 3
+1 3
+1 3
+2 3
+5 3
+1 3
+1 3
+3 3
+1 3
+1 3
+1 3 0 0 1 0 0 1
+2 3
+4 9
+1 9 9
+11 1
+1 1
+1 1
+1 1
+47 1 0 0 1 0 0 1
+1 1 1

fl=(12)
fn=(26)
37 1 0 0 1 0 0 1
-8 1 0 1
+8 1 1
+1 4 1
+4 83 40 0 0 18 0 0 18
+1 1
-1 4 2 0 0 1 0 0 1
+3 2
+12 40 0 0 1 0 0 1
-19 120 40
+22 2 2

fl=(27)
fn=(156)
349 1 0 1 1 0 0 1
+13 1 1
-13 2 0 2
+2 1 1
+11 2 0 1
cfi=(17)
cfn=(44) __libc_memalign
calls=1 51 
* 78 15 13
* 1 1
+1 1
-1 1
+1 1
+7 1
+4 306 0 288 1 0 36 1 0 36
-58 1 1 0 1 0 0 1
+1 1
-1 1
+1 2 0 1
cfi=(17)
cfn=(36)
calls=1 102 
* 43 7 5
* 1 1
+1 2
+9 1
-6 1 0 1 0 0 1 0 0 1
+6 1 0 1
+64 5 4

fn=(214)
443 7 0 6 1 0 0 1
+1 1
-1 1 0 1
+1 1
+4 1 1 0 0 1
+6 2 2 0 0 1
-6 2 0 1 1 0 0 1
+6 2
+12 1 1
-15 1
-1 2
+21 6 1 0 0 1
+6 12 0 0 1 0 0 1
+3 1 1 0 0 1
+1 2
+7 1 1
+2 1 1 0 1 0 0 1
-2 2
+2 3 1 1
+1 1 0 1
+3 2 1 0 0 1
-1 2
+18 1 1
-2 1 1
-8 1 1
+8 2 1 0 1 0 0 1
-8 1
+8 1 0 1
cfi=(18)
cfn=(68)
calls=1 61 
* 23 3 2 0 1 1 0 0 1
* 4 0 1
cfi=(36)
cfn=(116)
calls=1 30 
* 134 1 128 0 0 2 0 0 2
* 2 2
-38 3
+52 2 1 1 1 0 0 1
+2 1 1
+1 8 7

fn=(78)
111 2 1 0 1 0 0 1
+1 2 2 0 1 0 0 1

fn=(154)
144 1 1
+34 1 1
-34 1
+34 2
-45 1 0 1
+1 1
+2 1 0 0 1 0 0 1
-3 1 0 1
+2 1
-2 1 0 1
+43 1
-43 2 0 1
+50 1 1 0 1 0 0 1
-1 1 1
+5 2 1
-4 1
-1 1
+7 1
-7 1
+3 2
+2 1
+2 1
-2 2
+16 5 0 0 1 0 0 1
+2 1
+1 1
-1 2
+4 1
+6 1 0 1
-12 1
-25 5 1
+40 1 0 1 1 0 0 1
+53 4 3
-1 1 0 1
+1 3 1
-52 1 0 1
+52 1 1

fn=(188)
879 6 0 4 1 0 0 1
+6 1 1 0 1 0 0 1
+3 2 1 0 0 1
+5 5 1
+41 1 0 1 0 0 1
+1 3 1 1 1 1 0 1
+1 6 5

fn=(140) _dl_next_tls_modid
52 3 2 0 1 0 0 1
+48 2 0 1 1 0 0 1
+4 1 1

fl=(17)
fn=(40)
93 26
+1 52
cfn=(44)
calls=26 -43 
* 881 150 147 7 0 3 7 0 3
* 26 26 0 1

fn=(74) strsep
340 3 3 0 1 0 0 1
+1 6
+4 64 2
+7 156 52
-2 106 53
+4 2
+6 26
-15 79 26
+18 1 0 1
+4 1 1
-4 1 0 1
+4 2 2
-11 2 0 1
+1 1

fn=(44)
51 108 0 54 1 0 2 1 0 2
+1 133 53 0 1 0 0 1
+11 26
+1 26
-1 26
+3 26
-3 26 0 26
+3 52
-3 1
+1 1
-1 1
+3 1
-3 1 0 1
+3 98
+4 12 3 0 1 0 0 1
+1 9
+6 21 0 3
cfi=(34)
cfn=(112)
calls=3 -45 
* 99 21 18 2 0 1 2 0 1
+2 15 6
+4 9 0 3
+3 3 0 3
+1 3 0 3
+2 15 9
-3 24 0 24
+1 24 0 24
+2 192 72 0 1 0 0 1
-31 3 1 0 1 0 0 1
+1 1
-2 3 0 1

fn=(36)
102 10 0 0 1 0 0 1
+7 30
-3 10
+3 20
+4 10
cfn=(40)
calls=10 -20 
* 441 80 67 8 0 2 7 0 2
* 10 10 0 0 1

fl=(7)
fn=(12)
86 7 0 6 1 0 0 1
+25 1 1
-1 1 0 1
+1 1
-25 1 0 1 0 0 1 0 0 1
+25 129 41 3 1 6 2 1 6 2
+6 1 1
-3 1
+1 1 0 1 0 0 1 0 0 1
-4 1 0 1 0 0 1 0 0 1
+3 1 0 1
+3 7 4 0 1 0 0 1
+1 3 2
-1 3 2 0 1 1 0 1 1
-29 1
-1 2
+31 108 17 0 0 3 0 0 3
-1 86 19 10 2 1 0 2 1
fi=(21)
-82 2 0 1
cfi=(8)
cfn=(14)
calls=1 -4 
* 12 1 1 2 0 1 2 0 1
fi=(5)
238 5 2 0 0 1 0 0 1
fi=(9) /usr/src/debug/glibc-2.17-c758a686/elf/../sysdeps/x86/cpu-features.c
45 2
+3 1
-3 1 0 1
+3 5 0 0 1 0 0 1
203 3 1 0 1 0 0 1
+4 2
+2 4
fe=(7)
+17 1
fi=(9)
+23 1 0 1
+1 1 0 1
+1 1 0 1
fe=(7)
-25 1
+1 1 0 1
cfi=(10)
cfn=(20)
calls=1 28 
* 39 3 0 3 0 0 3
* 1 0 1
+2 2 0 1 1 0 0 1
cfi=(11)
cfn=(22)
calls=1 34 
* 17 5 2 2 0 0 2
* 3
+12 3 1
+3 6 2 1
cfi=(2)
cfn=(24)
calls=1 1005 
* 161452 44966 21656 525 1644 523 524 1087 480
+1 1 1
+1 8 7 0 0 1
-95 1 1 0 1 1 0 1 1
+1 1
+27 1 1
+1 1
-17 1 1
+1 1
-7 1 1 0 1 0 0 1
+1 1
-4 1 1 0 0 1 0 0 1
+1 1
-25 1 1
+1 1
-4 1 1 0 1 1 0 1 1
+1 1
-7 1 1
+1 1
+2 1 1 0 0 1 0 0 1
+1 1
fi=(9)
+71 8 0 4 2 0 0 2
+17 2
+1 1 0 1
+6 3 1
+5 3
+16 2
+3 2 1
59 1 1 0 1 1 0 1 1
-31 2 0 0 1 0 0 1
+4 1
-4 1 0 1
+5 1
-1 1
+31 1
-30 1
+30 1
-31 1
+27 1
-26 1
+26 1
+4 1
+1 1
-36 2 0 2
+3 1 0 1 1 0 0 1
+33 1
+5 2
+86 3 0 1
+1 3 1
+4 3
+1 2
+32 2 0 0 1 0 0 1
72 1 0 0 1 0 0 1
+1 8 1 0 0 1 0 0 1
+35 2 0 0 1 0 0 1
+22 3
fe=(7)

fn=(216)
251 1 1 0 1 0 0 1

fl=(33) /usr/src/debug/glibc-2.17-c758a686/io/../sysdeps/unix/sysv/linux/wordsize-64/fxstat.c
fn=(110) _fxstat
36 4 0 0 1 0 0 1
-1 4
+1 4
+1 24 0 0 1 0 0 1
+4 4 4

fl=(60) /usr/src/debug/glibc-2.17-c758a686/elf/dl-init.c
fn=(224) _dl_init
90 10 0 6 1 0 0 1
+5 1 1
-4 1 1 0 0 1
-1 1 0 1
+2 1 1
+3 2
+7 6 2 1 1 0 0 1
+28 3
+1 4 3
-97 3 1
+97 16 12 0 0 1
-97 12 4
+9 4 4
-3 8 0 4
+3 12 4 0 1 1 0 1
+5 9 3 0 0 2
+5 4 2
+8 4
+2 4 4 0 0 2
+4 8 0 2
cob=(2)
cfi=(16)
cfn=(258)
calls=1 -67 
* 6 2 0 1 1 0 1
cob=(3)
cfi=(62) /usr/src/debug/glibc-2.17-c758a686/csu/../csu/init-first.c
cfn=(238) _init
calls=1 -15 
* 148 39 26 13 15 6 13 0 3
+4 2 2 0 1 2 0 1
+1 4
+6 4 4 0 0 1
+2 4 4
-2 2
+3 12
+1 8 2 2 0 2
cob=(4)
cfi=(55)
cfn=(262)
calls=1 -82 
* 16 3 1 4 1 0 4
cob=(3)
cfi=(67) /usr/src/debug/glibc-2.17-c758a686/string/../sysdeps/x86_64/cacheinfo.c
cfn=(248) init_cacheinfo
calls=1 478 
* 1877 379 199 28 6 4 28 6 4
* 2
-1 8
+49 10
+4 1 0 1
+1 8 7
-86 4 1 0 1 0 0 1
-15 3 1 0 1 0 0 1
+9 1 1
-3 2 0 1
+3 3 1 0 0 1
+5 3 1 0 1 1 0 1
+5 2 1
+8 2
+2 2 2 0 0 1
+4 5 0 2
cob=(2)
cfi=(16)
cfn=(226)
calls=1 -67 
* 6 2 0 1 1
* 1 1
+4 1 1
+1 2
+6 2 2 0 1 1 0 1
+2 2 2
-2 1
+3 6 0 1
+1 4 1 1 0 1
cob=(5)
cfi=(61)
cfn=(230) 0x0000000000000640
calls=1 -82 
* 17 3 1 3 0 0 3
* 1
-1 4 1 0 1 0 0 1
+17 2 0 1 1 0 0 1
-54 3 0 0 1 0 0 1

fl=(18)
fn=(46)
61 19 0 0 1 0 0 1
+2 19
+2 19
+3 19
+1 19
+2 6 6
+1 6 0 6 0 0 1 0 0 1
+2 6
+1 6
+5 6
+1 6
-1 13
+1 13
+2 2 2
+1 2 0 2 0 0 2 0 0 2
+2 2
+1 4
+5 2
+1 2
-1 17 0 0 1 0 0 1
+1 17
+2 3 3
+1 3 0 3
+2 3
+1 3
+5 3
+1 3
-1 16
+1 16
+2 9 9
+1 9 0 9 0 0 2 0 0 2
+2 9
+1 9
+5 9
+1 9
-1 10
+1 19
+5 9 9
+1 9 9
+1 9 0 9 0 0 1 0 0 1
+1 9 0 9
+2 9
+2 9
+1 9
+2 9
+8 19 19 0 1 0 0 1
+8 4 0 4
+6 4
+2 4
+1 4
+3 1
+1 3
+5 1 1 0 1 0 0 1
+1 1 0 1 0 0 1 0 0 1
+2 1
+2 1
+1 1
+2 1
-8 1 1
+1 1 0 1
+2 1
+2 1
+1 1
+2 3
+9 1
+1 1
-1 3
+1 3
+3 4
+1 4
+1 4
+5 4
+2 4 4
+1 4 4
+1 4 4
+1 4 4 0 1 0 0 1
+2 4 0 4 0 0 1 0 0 1
+1 4 0 4
+1 4 0 4 0 0 1 0 0 1
+1 4 0 4
+2 4
+1 4
+2 4
+2 3
+2 3 3
+1 3 3
+1 3 3
+1 3 3
+2 3 0 3
+1 3 0 3 0 0 1 0 0 1
+1 3 0 3
+1 3 0 3 0 0 1 0 0 1
+2 3
+1 3 0 0 1 0 0 1
+2 9
+5 3
+6 3 3
+1 3
-7 1
+6 1 1
+1 1

fn=(68)
61 32 0 0 1 0 0 1
+4 32
+3 32
+1 32
+2 13 13 0 0 1 0 0 1
+1 13 0 13 0 0 2 0 0 2
+2 13 0 0 1 0 0 1
+1 13
+5 13
+1 13
-1 19
+1 19
+2 19 19
+1 19 0 19
+2 19
+1 19
+5 19
+1 19
-1 13
+1 13
+2 12 12
+1 12 0 12
+2 12
+1 12
+5 12
+1 12
-1 20
+1 20
+2 18 18
+1 18 0 18 0 0 1 0 0 1
+2 18
+1 36
+5 18
+1 18
-1 14 0 0 1 0 0 1
+1 17
+5 3 3 0 0 1
+1 3 3
+1 3 0 3 0 0 1 0 0 1
+1 3 0 3
+2 3
+2 3
+1 3
+2 3
+6 32
+4 32 32
+12 1
+2 1
+1 1
+26 1 0 0 1 0 0 1
+1 1
+3 1
+1 1
+1 1
+5 1
+2 1 1
+1 1 1
+1 1 1
+1 1 1 0 1 0 0 1
+2 1 0 1
+1 1 0 1
+1 1 0 1
+1 1 0 1
+2 1
+1 1
+2 1
+2 1
+2 1 1
+1 1 1
+1 1 1
+1 1 1
+2 1 0 1
+1 1 0 1
+1 1 0 1 0 0 1 0 0 1
+1 1 0 1
+2 1
+1 1 0 0 1 0 0 1
+2 3
+5 1
+2 1

fl=(36)
fn=(116)
30 12
+1 12
+1 12
+1 2164 0 2152 0 0 35 0 0 35
+1 12
+1 12 12

fl=(35)
fn=(114)
81 32 0 0 1 0 0 1
+1 8 8

fn=(220)
81 4
+1 1 1

fl=(1) ???
fn=(0) 0x0000000000001170
0 2 0 1 1 0 1 1 0 1
cfi=(2)
cfn=(2)
calls=1 441 
0 162727 45230 21774 571 1690 549 569 1130 505
0 14 3 2 1 2 0 1
cfi=(60)
cfn=(224)
calls=1 90 
0 2304 505 250 61 41 10 60 6 7
0 3
cob=(6)
cfi=(69)
cfn=(272)
calls=1 0 
0 3673796586 1187568605 450450622 474 7899269 509448 442 1018 33080

fl=(21)
fn=(60)
45 7 0 6 1 0 0 1
+2 3 1
+85 8 7
-45 3 0 1 1 0 1 1 0 1
cfi=(22)
cfn=(62)
calls=1 -6 
* 5 1 0 1 0 0 1
* 1
+15 1 0 0 1 0 0 1
-15 1
+20 1
-1 1
+3 12 3 0 0 1 0 0 1
+4 3 3
-2 6
+2 10
+2 1
+1 2
-3 4 1
+7 3 0 0 1 0 0 1
-1 3
+4 3
-2 3
+2 10
+5 2

fl=(23)
fn=(94)
2094 6 0 6 1 0 0 1
+12 12
-12 6 0 6 0 0 1 0 0 1
+12 6
-12 54 0 24 0 0 2 0 0 1
+12 6 6
-12 12 0 12 0 0 3 0 0 3
+12 12
+12 30 15
-12 45 15
+5 54 18 0 1 1 0 1
+1 36
+2 54 0 18 0 0 2 0 0 2
cfi=(31)
cfn=(96)
calls=18 304 
* 1245 381 78 2 3 1 2 0 1
* 39
2399 48 42 0 0 2
2141 6 3 0 1 0 0 1
+11 12 3
-56 6 0 3
+92 6 0 0 1 0 0 1
-2 3 0 3 0 0 1 0 0 1
+2 3 0 3
cfi=(25)
cfn=(70)
calls=3 40 
* 175 17 0 1 0 0 1
* 6
2330 6 0 1
cfn=(98) expand_dynamic_string_token
calls=1 419 
* 390 44 24 2 1 2 2 0 2
+1 1
-3 1 0 1
+4 1
-1 2 0 0 1 0 0 1
+4 6 0 1
cfn=(100) open_verify
calls=1 1681 
* 328 71 28 11 7 0 11 7
+3 1
-3 1
+3 1
+12 9
+2 6
+44 3 3 0 1 0 0 1
+1 21 6 6
-1 3 0 3
+1 15 3 9 1 0 0 1
cfn=(106) _dl_map_object_from_fd
calls=3 916 
* 6542 922 2539 57 35 93 57 35 93
* 3
2192 4 0 2 1 0 0 1
cfi=(10)
cfn=(20)
calls=2 28 
* 121 15
* 2
+2 2 2
-2 2 0 2
+2 2
+7 8 2
+35 4 2 0 1 0 0 1
+1 30 4 8 1 0 0 1
cfn=(128) open_path
calls=2 1945 
* 1848 440 268 14 2 7 14 0 7
* 6
+6 12 0 4
687 2 2
2244 2 0 0 1 0 0 1
687 4
2322 4 2 0 1 0 0 1
-97 10 8 0 1 0 0 1
+21 4 2 2 1 0 0 1
+6 8 0 2
+2 6 2
+4 4 0 2
cfi=(39)
cfn=(132)
calls=2 185 
* 2742 450 120 30 41 2 30 40 2
+2 2
-2 2
+2 2 0 0 1 0 0 1
+5 6 2
+8 4 2
+28 20 2 4
cfn=(100)
calls=2 1681 
* 1218 274 102 7 10 0 7 10
+3 2
-3 2
+3 4 2
+1 4 0 2
-79 14 4 0 2 0 0 2
687 2 2
2227 2
687 4
2205 2 2 0 1 0 0 1
+8 10 0 6
-7 4 0 2
-1 2 0 2
+8 16 0 4 1 0 0 1
-3 6 2
687 2 2 0 1 0 0 1
2211 2
687 4 0 0 1 0 0 1
2119 45 15 0 1 0 0 1
+3 6 6
+2 6
-1 12 12 0 0 2
+1 6 0 6
cfi=(19)
cfn=(54)
calls=6 134 
* 105 36 0 0 1 0 0 1
* 12

fn=(64)
710 1 0 1 1 0 0 1
+15 2
-15 8 0 5
+15 3 2 1 1 0 0 1
cfi=(24)
cfn=(66)
calls=1 39 
* 333 55 59 19 1 3 19 1 3
+5 1
-5 1 0 1
+5 1 0 1
cfi=(17)
cfn=(40)
calls=1 93 
* 34 6 5
* 1 1
+1 1
-1 1
-1 1 0 1
+2 1
+8 1 1
-1 1
+1 1 0 0 1 0 0 1
-1 4
+5 4 0 1
cfi=(17)
cfn=(40)
calls=1 93 
* 34 6 5
* 1 1
+2 1
-2 1
-1 1 0 1
+3 1
+7 1 0 1
+10 1
+9 1 0 0 1 0 0 1
-20 1 0 1
+12 1 0 1 0 0 1 0 0 1
-1 1 0 1
+3 1
+1 1 0 1
-1 1 0 1
+6 9 0 0 1 0 0 1
+1 10 0 2
+2 2 0 0 1 0 0 1
-12 1
+12 1 0 1
-14 1 0 1
+2 1 0 1 0 0 1 0 0 1
+3 1
-2 1 0 1
+3 1 0 1
-1 8 0 1 1 0 0 1
+1 3
+6 11 0 4 1 0 1 1 0 1
-1 2
+14 1 1 0 1 0 0 1
-11 1 0 1
+6 1 0 1 1 0 1 1 0 1
+1 1 0 1
+5 2
+4 3 1
+32 4 1 0 1 0 0 1
+8 3 0 1
cfi=(25)
cfn=(70)
calls=1 40 
* 83 5 0 6 0 0 6
* 2
+2 2 0 1 1 0 0 1
cfi=(10)
cfn=(20)
calls=1 28 
* 57 5 0 1 0 0 1
* 8 0 1
cfi=(18)
cfn=(46)
calls=1 61 
* 31 5 4
* 1
+17 3 1
-1 2
+3 1 0 0 1 0 0 1
+1 3
+1 1
-4 3 1
+2 26
+1 78
+1 26
-4 79 26
+8 1 0 1
cfi=(17)
cfn=(40)
calls=1 93 
* 34 6 5
* 1 1
+1 1
-2 1 0 1
+2 1
+6 7 1 1 1 0 0 1
cfn=(72) fillin_rpath
calls=1 489 
* 920 218 75 13 0 3 13 0 3
+4 3 2
+6 1 0 1
+4 8 7 0 1 0 0 1
-72 1 1 0 1 0 0 1
-2 1 0 1 1 0 0 1
+2 2
+11 2 0 1 1 0 0 1
-46 2 0 0 1 0 0 1

fn=(106)
916 33 0 21 1 0 1 1 0 1
+11 3 3
-11 3 0 3
+11 3
-11 9 0 9 1 0 0 1
+11 3 0 3 0 0 1 0 0 1
cfi=(26)
cfn=(76)
calls=3 51 
* 24 9
+4 9
-4 3 0 3
+4 3 0 3
cfi=(33)
cfn=(110)
calls=3 36 
* 30 3 0 2 0 0 2
* 6
+11 21 6 0 1 0 0 1
+1 9 6 0 0 1 0 0 1
-1 27 9
+1 36 18 0 1 1 0 1 1
+17 6 3 0 1 0 0 1
+25 6 3
+10 6 3
+22 3 3
-89 3 0 3
+89 9 3 0 1 0 0 1
+35 21 15 3
cfi=(15)
cfn=(32)
calls=3 62 
* 1477 252 166 8 3 26 8 3 26
+1 3
-1 3
+1 3
+11 6 6 0 1 0 0 1
+5 3 3
-5 3 0 3 0 0 2 0 0 2
+1 6 3 3
+1 3 3
+2 3
-2 3 0 3
+2 12
+1 9 3 0 1 0 0 1
+1 3
+24 6 0 3 0 0 1 0 0 1
+8 3
-8 27 3 6 1 0 0 1
+8 3
-8 3 0 3
+8 3
+99 3 3
1095 3
1201 3
+8 3
1096 3
1209 3
1085 3 0 3
1209 3
-8 9 0 3 1 0 0 1
-98 45
-1 184
+1 133 23 0 1 2 0 1 2
+6 6 3 3
+1 9 3 3
+1 3
+3 2 1 1
+1 1
+5 30 12 0 1 0 0 1
+6 12 12
+1 6 0 0 1 0 0 1
-1 24
+7 24 12
+11 6
+2 6
-1 6
+4 6 6
-5 6
+1 6
-1 12 6 0 1 0 0 1
+2 6
-1 6
+2 6
+3 6
+4 6
-9 6 0 6 0 0 3 0 0 3
+2 6 0 6
+1 6 0 6
+1 6 0 6
+1 6 0 6
+4 6
+1 9 3
+5 6 3
-16 3
+16 15 0 3
+10 3
-10 6 3 0 1 0 0 1
-16 3
+16 15 0 3 0 0 1 0 0 1
+10 3
+3 3 1
+5 1 1
-1 1 0 1 0 0 1 0 0 1
+3 1
-1 1
-1 1 0 1 1 0 0 1
+1 1
+3 3 1 1
+1 2 1 1
+3 2 1 1
+4 4 1
+6 1 0 1 0 0 1 0 0 1
cfi=(27)
cfn=(140)
calls=1 52 
* 6 3 1 2 0 0 2
* 2 1 1
+1 1
+60 6 3 3 1 0 0 1
+1 9 6 3
+1 3
-6 6 3 3 1 0 0 1
+1 9
+8 9
+13 24 12 6 1 0 0 1
+2 6 3
+14 3 3
+5 18 12 3 1 0 2 1 0 2
cfi=(34)
cfn=(112)
calls=3 32 
* 105 24 18 1 0 2 1 0 2
+4 3
-4 3 0 3
+4 3
+7 3 3
+1 3 3
-1 3 0 0 1 0 0 1
+1 3 3
+2 3
-3 3 0 3
+1 3 0 3
+2 3
+10 3 0 3
+2 3 3
+33 18 6
+3 6 3
+8 24 12 0 1 0 0 1
+6 3 3
+2 3 3
-2 3
+1 3
+2 3
-1 3
+1 3
-1 9
+8 6 0 0 1 0 0 1
+3 6
+11 21 0 9
cfi=(36)
cfn=(116)
calls=3 30 
* 1998 3 1980 0 0 33 0 0 33
+1 15 9
+5 6
+15 6 0 0 1 0 0 1
-74 30 6
+2 12 6
+2 24 12 3
cfi=(34)
cfn=(112)
calls=3 32 
* 93 21 18
* 6
+9 6 6 0 1 0 0 1
+2 3 3 0 1 0 0 1
-2 3 0 3
+2 3
+1 12 6
+1 4 2
+1 2 2
-1 4 2 0 1 0 0 1
+1 8
-1 4
+3 8 0 2
1065 3 3 0 1 0 0 1
1421 12 6 0 1 0 0 1
+9 6 3
fi=(3)
38 3
fe=(23)
1430 3 0 3
fi=(3)
38 3
+6 3 3 0 0 3 0 0 3
-2 3
+2 6
+7 3
+5 3
+3 3 0 0 1 0 0 1
-1 3
-3 3
-3 66 0 15 0 0 6 0 0 6
+10 15
-18 45 15 0 0 5 0 0 5
+8 58 0 58 0 0 12 0 0 12
+10 58
-18 174 58 0 0 12 0 0 12
+18 2
-18 6 2 0 0 1 0 0 1
+2 150
+5 68 0 0 1 0 0 1
+2 8
+16 6
+20 12 3 3 1 0 0 1
+1 12 3 3
+1 12 3 3
+1 12 3 3
+2 12 3 3
+5 12 3 3 1 0 0 1
+1 11 3 2 0 1 0 0 1
+1 11 3 2
+35 9 3
+5 2 2
+2 2
-2 2 0 2 0 0 1 0 0 1
+2 2
+2 4
+2 4
+1 1 0 1
+2 9 3 0 1 0 0 1
+10 2 2 0 1 0 0 1
-8 4 2 2
+9 4
-1 2
+5 4
+1 2 1 1
+2 6 3
fe=(23)
1436 6 0 0 1 0 0 1
+16 9 3
+19 6 3 3
+2 15 6
+51 9 3 0 1 2 0 1 2
+1 2 1 1
+3 2 1 1
cfi=(32)
cfn=(120)
calls=1 81 
* 5 1
* 4 2 2
cfi=(32)
cfn=(120)
calls=2 81 
* 10 2
* 6
+8 15 3 0 1 0 0 1
+3 9 6
+2 3 3
-2 3 0 3
+2 3
+16 6 0 3
cfi=(6)
cfn=(10)
calls=3 865 
* 60 19 15 0 4 0 0 4
+4 6 3
+1 6 3 0 1 0 0 1
+17 6 3
+1 1 0 1
+3 1 1
+6 1 1
-6 1 0 1
+1 2 1 1
+5 1
-6 2 2
+6 2 2
-6 2 0 2
+1 4 2 2
+5 2
+10 6 3
+10 9 3 3
cfi=(15)
cfn=(48)
calls=3 33 
* 132 33 30
+4 12 3
+20 24 21
1317 3 3 0 1 0 0 1
-1 15 3 3
cfi=(35)
cfn=(114)
calls=3 81 
* 15 3 0 1 0 0 1
* 3
+90 8 1 1 1 0 0 1
cfi=(34)
cfn=(112)
calls=1 32 
* 31 7 6
+3 2
fi=(3)
56 8 0 0 1 0 0 1
+3 8
+1 2
+1 8 0 2
fe=(23)
1536 6 0 0 1 0 0 1
+1 2 1

fn=(72)
489 7 0 6 1 0 0 1
+2 1
-2 9 0 6
+4 3 2 1 1 0 0 1
cfi=(17)
cfn=(74)
calls=1 340 
* 243 74 2 1 0 0 1
* 6 4 2
cfi=(17)
cfn=(74)
calls=2 340 
* 207 65 1
* 9
+3 4 0 2
cfi=(10)
cfn=(20)
calls=2 28 
* 89 7
+4 2
-4 2
+4 2
+7 12 2
+12 25 7 0 1 0 0 1
+1 10 5
+18 4 2 0 1 0 0 1
+4 6 2 2 1 0 0 1
+1 6 0 2
-1 2 2
+1 2 0 2
-2 2 0 2
cfi=(17)
cfn=(40)
calls=2 93 
* 68 12 10
* 2 2
+3 2
-3 2
+3 6 4 0 1 0 0 1
+5 2
+1 6 0 2
-2 2 0 2 0 0 2 0 0 2
+2 2 0 2
cfi=(18)
cfn=(68)
calls=2 61 
* 58 9 7 0 0 1 0 0 1
+3 2 2
-3 2 0 2
+3 2 2
-2 2 0 2
+2 2
+1 1 0 1
+5 4 1 0 1 0 0 1
+1 2
-1 4 1
+1 26
+1 20 0 4 1 0 0 1
+3 2 2
-1 4 2 2
+1 2
+7 2 0 2
+1 2 0 2
+3 6 0 2
-68 4 0 0 1 0 0 1
+5 4 0 2 1 0 0 1
+3 6 2
+23 4 0 2 1 0 0 1
+42 1 0 1
+3 9 7
-14 4 0 2 1 0 0 1

fn=(98)
419 9 0 6 1 0 0 1
+10 2
-10 1
+10 1 0 1 1 0 0 1
cfi=(25)
cfn=(70)
calls=1 40 
* 169 10
* 2
161 2 0 1
cfi=(10)
cfn=(20)
calls=1 28 
* 97 10
* 1
+1 2 0 1
cfi=(17)
cfn=(40)
calls=1 -69 
* 34 6 5 0 0 1 0 0 1
* 1 1 0 0 1
+2 2
444 1
167 2
444 6 6
167 2
cfi=(18)
cfn=(46)
calls=1 61 
* 56 11 10 0 0 1 0 0 1

fn=(100)
1681 130 0 78 1 0 1 1 0 1
+36 13 13
-36 26 0 26
+36 26
+21 52 13 13 1 0 1 1 0 1
cfi=(32)
cfn=(102)
calls=13 81 
* 105 13 10 1 0 0 1
+1 13
-1 13 0 13
+1 13
+10 3 0 3
+1 6 0 3
+5 18 3 3 1 0 0 1
cfi=(32)
cfn=(104)
calls=3 81 
* 15 3 0 1 0 0 1
+2 6
+2 3 3
+2 3
-2 3 0 3
+2 3
-2 3
+8 6
+16 15 0 3
cfi=(14)
cfn=(30)
calls=3 319 
* 258 69 18 0 2 0 0 2
* 6 0 0 1 0 0 1
+2 3 3
-2 6
+4 12 0 3
cfi=(14)
cfn=(30)
calls=3 319 
* 240 63 18
-4 6
+60 6 3 0 0 1 0 0 1
+5 6 3 0 1 0 0 1
+3 12 3
+5 6 3
+7 3 3
+1 3 3
-1 12
+1 9 0 0 1 0 0 1
+1 3
+15 127
+1 42 20 0 1 9 0 1 9
+4 8 4
+1 4
+13 2 2
+1 2 2
+2 2
-3 2
+1 2
-1 2
+1 2
-2 2
+4 4
+5 2
+1 2
-13 8 0 2
cfi=(14)
cfn=(30)
calls=2 319 
* 146 24 12
* 8 0 2 1 0 0 1
cfi=(14)
cfn=(30)
calls=2 319 
* 160 42 16 3 2 0 3 2
* 8 0 0 1 0 0 1
+16 4
+6 2 2
-3 2 2 0 0 1 0 0 1
+1 2 2
+1 2 2 0 0 1 0 0 1
+1 4
+1 8 4
-4 2
+1 2
+1 2
-1 6
-1 2
+4 4
+5 10 0 0 1 0 0 1
+8 96 84
1814 1 1 0 1 0 0 1
1931 8 7 0 1 0 0 1
1783 8 0 2 2 0 0 2
cfi=(14)
cfn=(30)
calls=2 319 
* 176 46 12 0 1 0 0 1
* 4

fn=(128)
1945 16 0 12 1 0 1 1 0 1
+1 2 2
-1 10 0 10 0 0 2 0 0 2
+7 2
-7 2 0 2 1 0 0 1
+1 2 0 2
+6 2
+5 4 2
-7 2 0 2
+7 2 2 0 0 1
-8 2 0 2
+8 6 0 0 1 0 0 1
+74 2
-74 2
+74 2 0 2
-22 4
-52 2
+52 6 2 2
-40 2 2
-9 2 2
+9 4 2
-9 2 2
+9 2
+7 16 8 4 1 1 1 1 0 1
cfi=(18)
cfn=(68)
calls=4 61 
* 116 18 14
+1 4 4
-1 4 0 4
+1 12
-13 8
+33 16
-20 38 2
+3 32 16 0 1 0 0 1
+4 80 40 10
cfi=(18)
cfn=(68)
calls=10 61 
* 198 24 14
* 40 20 10 1 0 0 1
cfi=(18)
cfn=(68)
calls=10 61 
* 230 30 20 0 0 1 0 0 1
* 10
+3 10
+3 20 10
+3 70 40 10
cfn=(100)
calls=10 1681 
* 400 100 110 1 0 2 1 0 2
* 10
+2 30 10 0 1 0 0 1
+26 8
+2 6
-21 16 8
+1 72 32 0 1 0 0 1
+6 16 8
+2 24 8
-2 8 0 8
+2 8 0 8
cfi=(38)
cfn=(130)
calls=8 36 
* 98 8 6 1 0 0 1
* 16
+1 2 2
+2 2
-2 2
+2 16 2 2
+7 4
-44 4
+37 12 6 6 1 0 0 1
+7 12
-44 14
+85 20 4 0 1 0 0 1
+7 4 0 4
-2 4 0 4
+2 12 8
+3 6 2 0 1 0 0 1
-13 2
+27 22 14 0 1 0 0 1
-72 12

fl=(14)
fn=(30)
319 17 0 17 1 0 0 1
+3 17
-3 85 0 85 0 0 1 0 0 1
+4 17
-4 17 0 0 1 0 0 1
+7 34
+4 15
+2 1 1 0 0 1 0 0 1
+1 1 1
+1 1
+1 1
+2 2
-5 1 1
+1 1 1
+1 1
+1 1
+2 2
+2 2 0 0 1 0 0 1
-9 6
+16 5
+1 10
-1 10
133 14 0 0 1 0 0 1
-18 6
350 4
+4 3 0 0 1 0 0 1
+2 3
-2 6
+1 3
+5 30 0 0 1 0 0 1
+2 13 13 0 0 2 0 0 2
+1 13 13 0 0 5 0 0 5
+1 13
+3 143
-3 81
-2 81 81
+1 81 81
+4 162
-7 182
+12 12 0 0 1 0 0 1
+1 136 119
232 3
-7 3
+1 3
+4 3
+2 3
-6 3
+4 3
+2 15 0 0 1 0 0 1
-95 2 2 0 1 2 0 1 2
+1 2 2
+1 2
+1 2
+1 2 0 0 1 0 0 1
+48 2
-2 2 2
+1 2 2
+1 14 0 4
-80 2 2
+1 4 2
+4 4
-5 8 8
+1 16 8
+4 18
238 3 3 0 1 0 0 1
+2 3
-4 3 3
+1 3 3
+4 3
-2 3
+56 6
-2 3 3 0 0 1 0 0 1
+2 6
-1 3 3
+1 6
+1 6
+12 18 0 0 1 0 0 1
+1 6
-6 6 0 0 1 0 0 1

fl=(31)
fn=(134)
43 1 0 1 1 0 0 1
+7 1
-7 3 0 1
+7 1 0 0 1 0 0 1
-7 1 0 1
+1 1
-1 2 0 1
+7 1 0 1
cfi=(32)
cfn=(102)
calls=1 +31 
* 5 1
+1 1
-1 1
+1 1
+2 4 0 1
cfi=(33)
cfn=(110)
calls=1 -17 
* 10 1
* 2
+2 1 1
+3 1
-3 1 0 1 0 0 1 0 0 1
+3 1
+13 2 0 1
cfi=(32)
cfn=(120)
calls=1 +10 
* 5 1
+3 7 5
-14 6 0 1 1 0 0 1
cfi=(34)
cfn=(112)
calls=1 -28 
* 33 7 6
* 2

fn=(96)
304 525 0 210 1 0 0 1
+1 210 105 105 0 6 1 0 0 1
cfi=(19)
cfn=(54)
calls=105 134 
* 742 317 0 0 30
* 105
+1 105
-1 105
+3 105 105 0 0 1
+2 210
+4 106 106
-4 212
+1 339 113 113 2 25 0 1
cfi=(19)
cfn=(54)
calls=113 134 
* 2086 705 0 0 14
* 226
-5 7
+11 133 21
-1 98
+1 392 294

ob=(5)
fl=(61)
fn=(542)
0 8 3 2 1 2 0 1
cob=(1)
cfi=(70)
cfn=(281)
calls=1 70 
0 1106 321 132 5 21 5 5 1 1
0 5 3 2 1 0 0 1
0 1 0 1
cfn=(560) 0x0000000000000570
calls=1 0 
0 9 2 1
0 3 2 1

fn=(230)
0 17 3 1 3 0 0 3

fn=(560)
0 9 2 1

ob=(3)
fl=(100) /usr/src/debug/glibc-2.17-c758a686/stdio-common/vfprintf.c
fn=(472) vfprintf
222 1991 0 1086 1 0 3 1
+35 543 362 181 0 14 7 0 0 1
1271 544 181 1 1 7 0 1
+4 905 181 0 0 7 0 0 1
+11 362
+11 181 181
fi=(109) /usr/src/debug/glibc-2.17-c758a686/stdio-common/printf-parse.h
109 362
fe=(100)
1297 905 362 543 1 0 7 1 0 1
fi=(109)
109 181 0 181 0 0 7 0 0 1
cfi=(101) /usr/src/debug////////glibc-2.17-c758a686/string/../sysdeps/x86_64/strchrnul.S
cfn=(474) strchrnul
calls=181 -83 
* 4163 362 0 2 7 0 2
fe=(100)
1312 181
fi=(109)
109 181 0 181
fe=(100)
1308 181 0 181 0 0 7 0 0 1
+4 362 0 181
+4 1267 543 181 1 7 0 1
cfi=(87) /usr/src/debug/glibc-2.17-c758a686/libio/fileops.c
cfn=(476) _IO_file_xsputn@@GLIBC_2.2.5
calls=181 +5 
* 3439 1267 1086 1 0 7 1 0 1
* 543 0 181
2058 362 181 181 1 0 0 1
cfi=(79)
cfn=(460)
calls=181 2922 
* 1267 543 0 1
* 181 181 0 8 8 0 1
+1 362 0 181
cfi=(79)
cfn=(460)
calls=181 2922 
* 1267 543
* 181 181
+2 905 362 181
+3 181 181
+1 1448 1267
1271 360
+41 1267 362 543 2 8 7 2 0 1
+1 2715 1086 543 1 9 0 1
2061 905 181 362 1 0 0 1
+1 543 181
1316 362 0 0 1 0 0 1
+4 181 181
-4 181 0 181
+4 362 181 0 7 0 0 1
+4 1267 543 0 0 23
270 181 0 181
-6 181 0 181 1 0 0 1
-3 181 0 181 0 0 7 0 0 1
1301 181 0 181
-8 181 0 181
227 181 0 181
1372 1448 181 362 1 0 0 1
-3 181
-1 181
-17 181 0 181
+1 181 0 181
+1 181 0 181
+1 181 0 181 1 0 7 1 0 1
+1 181 0 181
+1 181 0 181
+1 181 0 181
+1 181 0 181
+1 181 0 181
+1 181 0 181
+1 181 0 181 1 0 0 1
+3 181 0 181
+1 181 0 181
1554 362 0 181 0 0 7 0 0 1
-21 543 0 181
1372 1629 543 0 1 23 0 1 2
2056 362 181 0 1 0 0 1
1654 362 0 0 1 0 0 1
+8 181 181 0 1 0 0 1
fi=(109)
109 543 0 362
fe=(100)
1662 181
fi=(109)
109 181
fe=(100)
1662 181 0 181
fi=(109)
109 181 0 181
cfi=(101)
cfn=(474)
calls=181 -83 
* 4163 362
fe=(100)
1666 181 181
-4 181 0 181
+4 905 181 181 1 0 0 1
cfi=(87)
cfn=(476)
calls=181 1321 
* 3439 1267 1086
* 905 543
-10 181
+10 1448 0 0 1 0 0 1
+2 181 181
-2 181 0 181
+2 181
-33 5068 1810 543 5 0 0 5
cfi=(86) /usr/src/debug/glibc-2.17-c758a686/libio/genops.c
cfn=(478) __overflow
calls=181 242 
* 7914 2390 1057 23 16 23 16 1 4
* 543 181 0 1 0 0 1

fl=(76) /usr/src/debug/glibc-2.17-c758a686/setjmp/sigjmp.c
fn=(312) __sigjmp_save
29 2 0 0 1 0 0 1
-1 2 0 1
+1 2 0 1
+5 3 2

fl=(93) /usr/src/debug/glibc-2.17-c758a686/libio/filedoalloc.c
fn=(394) _IO_file_doallocate
96 10 0 6 1 0 0 1
+15 12 6 2 1 3 1 1 0 1
cfi=(87)
cfn=(396) _IO_file_stat
calls=2 1262 
* 28 4 0 2 0 0 2
* 4
+2 8 2 0 0 1 0 0 1
+11 9 2
-14 1 0 0 1 0 0 1
+18 6 0 1
cfi=(95) /usr/src/debug/glibc-2.17-c758a686/misc/../sysdeps/unix/sysv/linux/wordsize-64/mmap.c
cfn=(400) mmap
calls=1 -96 
* 33 7 6 2 0 0 2
* 6 0 1
cfi=(95)
cfn=(400)
calls=1 -96 
* 33 7 6 0 0 1 0 0 1
* 4
+1 10 0 2
cfi=(86)
cfn=(402) _IO_setb
calls=2 400 
* 42 10 10 1 0 0 1
+1 2
+1 13 8 0 1 0 0 1
-13 1 1
fi=(110) /usr/src/debug/glibc-2.17-c758a686/libio/../sysdeps/unix/sysv/linux/sys/sysmacros.h
-72 6
fe=(93)
+72 1 0 0 1 0 0 1
-2 2
+5 2 0 1

fl=(62)
fn=(238)
52 8 0 4 1 0 0 1
+6 6 2 0 0 1
+17 1 1 0 1 1 0 1
fi=(63) /usr/src/debug/glibc-2.17-c758a686/csu/../sysdeps/unix/sysv/linux/x86_64/init-first.c
-35 2
fe=(62)
+33 1 0 1 0 0 1 0 0 1
+1 1 0 1
fi=(63)
-34 1
-2 2 0 2
fe=(62)
+37 1 0 1 0 0 1 0 0 1
fi=(63)
-37 3 0 2 1 0 0 1
+2 1 0 1
cfi=(46) /usr/src/debug/glibc-2.17-c758a686/elf/../sysdeps/unix/sysv/linux/dl-vdso.c
cfn=(176) _dl_vdso_vsym
calls=1 -13 
* 7 3 0 0 1
+1 2
+5 2
-3 2 1 0 0 1
+1 1 0 1 0 0 1
+2 1 0 1
cfi=(46)
cfn=(176)
calls=1 -19 
* 7 3
fe=(62)
+43 1 0 0 1 0 0 1
fi=(63)
-39 1
fe=(62)
+39 2
fi=(63)
-39 2
+1 2 1
+1 1 0 1
fe=(62)
+37 1 0 1
cfi=(64) /usr/src/debug/glibc-2.17-c758a686/misc/init-misc.c
cfn=(242) __init_misc
calls=1 -59 
* 58 9 5 6 2 1 6
+8 1 0 1
cfi=(66) /usr/src/debug/glibc-2.17-c758a686/ctype/ctype-info.c
cfn=(246) __ctype_init
calls=1 -65 
* 16 10 3 2 6 1 2
+5 6 5
-35 1 1 0 1 1 0 1
-9 1 0 1 0 0 1 0 0 1
+9 4 3 0 0 2
fi=(63)
-25 2
fe=(62)

fl=(72)
fn=(288)
134 7 0 5 1 0 0 1
+10 1 1
-10 3 0 3
+10 7 1 0 1 0 0 1
+62 1
-62 1 0 1
+62 1
+1 4 0 1
cfi=(73) /usr/src/debug/glibc-2.17-c758a686/stdlib/cxa_atexit.c
cfn=(290) __cxa_atexit
calls=1 56 
* 61 13 16 7 3 2 7 1 2
+22 6 2
+3 2
+1 5 4 1 1 1 0 1
cob=(6)
cfi=(69)
cfn=(294)
calls=1 0 
* 57 13 9 4 2 0 4
+4 4 2
+15 2
+9 2 0 1
cfi=(74) /usr/src/debug////////glibc-2.17-c758a686/setjmp/../sysdeps/x86_64/bsd-_setjmp.S
cfn=(308) _setjmp
calls=1 33 
* 30 6 10 4 0 0 4
+1 2 0 0 1 0 0 1
+5 2 1 1 0 1
+1 2 1 1 0 1
+3 2 0 1
+3 6 5 1 1 0 0 1
cob=(6)
cfi=(77)
cfn=(314)
calls=1 12 
* 3673791268 1187567065 450449909 379 7899152 509427 350 1008 33068
+34 2 0 1
cfi=(103) /usr/src/debug/glibc-2.17-c758a686/stdlib/exit.c
cfn=(522) exit
calls=1 99 
* 3545 1022 477 61 85 10 58 5 1

fl=(103)
fn=(522)
99 1 0 0 1 0 0 1
-1 1
+1 2 0 1
cfn=(524) __run_exit_handlers
calls=1 -63 
* 3541 1022 476 60 85 10 57 5 1

fn=(524)
36 9 1 4 1 1 0 1
+5 6 1 0 0 1
+4 3 0 0 1 0 0 1
-4 3 1
+4 3
+3 1
-1 1 0 1
+2 5 1
+33 1 1
+1 1
-1 1 0 1
+1 1
+6 2 0 0 1 0 0 1
+1 5 1 1 0 1
cfi=(86)
cfn=(590) _IO_cleanup
calls=1 1007 
* 255 70 56 21 13 0 21 4
* 3
+2 2 0 1
cfi=(107) /usr/src/debug/glibc-2.17-c758a686/posix/../sysdeps/unix/sysv/linux/_exit.c
cfn=(600) _Exit
calls=1 -64 
* 8 1 0 2 1 0 2
-19 1 1 0 1 0 0 1
+4 2 1
-2 2 1
+2 1 0 1
cob=(1)
cfi=(104)
cfn=(526)
calls=1 +55 
* 3224 942 411 33 68 10 30 1 1
+1 1

fl=(107)
fn=(600)
28 2 1 0 1 1 0 1
+4 1
+2 2 0 0 1 0 0 1

fl=(92)
fn=(384)
36 120441 0 120441 1 0 0 1
+3 120441 120441 0 0 1
-3 120441
+3 1806615 722646 361323 1 3 0 1
+1 722598 361307 120425 0 557 0 0 127
fi=(96) /usr/src/debug/glibc-2.17-c758a686/libio/libioP.h
889 240882 120441
+1 963528 240882 361323
fe=(92)
43 361323 240882
-3 32 0 16 1 0 12 1
cfi=(86)
cfn=(386) __uflow
calls=16 364 
* 1873 669 358 28 61 0 28
* 32 0 0 1 0 0 1

fl=(95)
fn=(400)
32 4 0 4 1 0 0 1
+1 4
-1 36 0 20 0 0 2 0 0 1
+1 12
+1 40
+2 28 28
-3 8 0 0 1 0 0 1

fl=(80) /usr/src/debug/glibc-2.17-c758a686/malloc/hooks.c
fn=(328) malloc_hook_ini
30 2 1 1 1 0 0 1
fi=(81) /usr/src/debug/glibc-2.17-c758a686/malloc/arena.c
385 3 1 0 0 1 0 0 1
fe=(80)
29 3 0 2
cfi=(81)
cfn=(330) ptmalloc_init.part.7
calls=1 383 
* 56394 13778 27 16 1068 6 16 855
* 1 1 0 1 0 0 1
+4 1
-1 1
cfi=(79)
cfn=(327) malloc'2
calls=1 2886 
* 1093 95 331 43 15 38 43 6 34

fn=(420) realloc_hook_ini
37 9 0 6
+1 1 1
fi=(81)
385 1 1
fe=(80)
39 1 1
-1 1 0 1
fi=(81)
385 2 0 0 1 0 0 1
fe=(80)
39 1 0 1
fi=(81)
385 1
fi=(79)
2964 2
+4 2
+4 2
+5 1 1
-2 1
+2 1
+2 1
-2 1
+2 2 0 0 1 0 0 1
+3 3
+6 4
+1 2
+7 8 0 0 1 0 0 1
+2 2
fe=(80)
42 9 7
fi=(79)
2980 1 0 1 1 0 0 1
+44 6 1 1 1 0 0 1
+4 6 0 2
cfn=(424) _int_realloc
calls=1 4215 
* 57 11 9 5 1 1 5 0 1
* 1
+2 4 1 1 1 0 0 1
+4 4 2
-66 2 0 0 1 0 0 1
fe=(80)

fl=(89) /usr/src/debug/glibc-2.17-c758a686/string/../string/strstr.c
fn=(360) __GI_strstr
53 8 0 6 1 0 0 1
+10 3 1
+2 2 1 0 1 1 0 1 1
+1 1 0 0 1 0 0 1
+23 8 7
-26 1 0 0 1 0 0 1
-5 2

fl=(83) /usr/src/debug/glibc-2.17-c758a686/malloc/morecore.c
fn=(340) __default_morecore
47 13 0 0 1 0 0 1
+1 13 0 13 0 0 1
cfi=(84) /usr/src/debug/glibc-2.17-c758a686/misc/sbrk.c
cfn=(342) sbrk
calls=13 -14 
* 718 153 89 4 36 0 4 1
+2 39
+2 39 13

fl=(85) /usr/src/debug/glibc-2.17-c758a686/misc/../sysdeps/unix/sysv/linux/x86_64/brk.c
fn=(344) brk
31 25 0 0 1 0 0 1
-3 25
+3 175 25 25 1 0 0 1
+8 25
-6 50
+7 25 25

fl=(65) /usr/src/debug////////glibc-2.17-c758a686/string/../sysdeps/x86_64/strrchr.S
fn=(244) __GI_strrchr
25 1 0 0 1 0 0 1
+1 1
+1 1
+1 1
+1 1 0 0 1 0 0 1
+1 1
+1 1
+1 1 1 0 0 1
+1 1
+1 1
+1 1
+1 1
+1 1
+1 1
+1 1
+1 1
+1 1
+1 1
+1 1
+1 1
+1 1
+1 1
+1 1
+13 1 0 0 1 0 0 1
+1 1
+1 1
+1 1
+7 1
+1 1 0 0 1 0 0 1
+1 1
+1 1
+1 1
+1 1
+1 1 1

fl=(101)
fn=(474)
26 362 0 0 1 0 0 1
+1 362
+1 362
+1 362
+1 362
+1 362
+1 362
+1 362 362 0 0 7
+1 362
+1 362
+1 362
+1 362
+1 362 0 0 1 0 0 1
+1 362
+1 362
+1 362
+1 362
+1 362
+1 362
+1 362
+12 362
+1 362
+1 362 362

fl=(74)
fn=(308)
33 1 0 0 1 0 0 1
+2 1
cfi=(75) /usr/src/debug////////glibc-2.17-c758a686/setjmp/../sysdeps/x86_64/setjmp.S
cfn=(310) __sigsetjmp
calls=1 -9 
* 28 6 10 3 0 0 3

fl=(79)
fn=(326)
2886 11463380 0 5731690 1 0 0 1
+5 5731690 5731690 0 0 190
+1 5731690
+3 20060908 8597532 0 0 2161
+2 8597532 0 2865844
cfn=(334) _int_malloc
calls=2865844 3349 
* 168333599 37594145 21096408 17 420688 37770 17 0 21150
+3 2865844
-3 2865844
+3 2865844
+6 5731688
+1 11463376 2865844 2865844 0 18 14
+5 14329220 8597532 0 0 12
-17 17195064 2865844 2865844 0 163
+5 5731688
-7 1 1 0 1 0 0 1
+19 3 3
-19 1
cfi=(80)
cfn=(328)
calls=1 30 
* 57498 13876 361 61 1084 44 61 862 34

fn=(327)
2886 4 0 2 0 0 1
+5 2 2 0 0 2
+1 2
+3 7 3
+2 3 0 1 1 0 0 1
cfn=(334)
calls=1 3349 
* 1053 85 326 41 12 37 41 6 34
+3 1
-3 1
+3 1
+6 2
+1 4 1 1
+5 5 3
-17 6 1 1 1 1 0 1
+5 2

fn=(336) malloc_consolidate
4111 152 0 114 1 0 17 1
+22 38 19
+1 54 18 18 1 1 0 1
+12 18
5021 18 0 18 0 0 18
4136 18
+11 18
-1 18 0 18 0 0 7
5019 18
+2 18 0 18
-2 72 0 36 1 0 8 1
4149 36 18 18
+1 36
-1 324 162 162 0 12
+1 470
+21 432
+1 4335 2165 864 0 491
+4 11366 11366 0 1 0 0 1
+4 11366
-3 11366 0 11366
+1 11366 0 11366
+2 11366
+1 1362 0 1362 0 0 3
+1 1362 0 1362
+3 1362
+1 1362 0 1362
+1 1362 0 1362
-2 1362
+12 1362
-12 1362 0 1362
+3 1362 0 1362
+9 1362
-12 10004
+1 10004 0 10004
+1 10004 0 10004
-2 10004
+12 10004
-12 10004 0 10004
+3 10004 0 10004
+9 21337
-41 11333 11333 0 0 8008
-3 11333 11333 0 0 1700
+3 22666
+1 11333
+1 22666 11333 0 0 3628
+2 22666
-4 34 34 0 1 12 0 1
-3 34 34 0 0 4
+3 68
+1 34
+1 68 34 0 1 11 0 1
+2 68
+1 2623 2623
+2 2623
-1 2623
+2 30259 14458 5246 0 286
+3 22734 11367 0 1 0 0 1
+3 22732 11366 0 0 6336
+4 21868 0 10934
+18 1
+1 1
+4 1
-4 1 0 1
+1 1 0 1
+3 1
+3 720 180 0 0 14
+6 145 126 0 1 22 0 1
-73 3
1829 3 0 2 1 0 1 1 0 1
-2 2
+2 378 0 252 0 0 30 0 0 30
-2 252
+6 3
+5 1
+2 1 0 1 0 0 1 0 0 1
-2 1 0 1
4206 8 7
1837 3 1 1 1 0 0 1

fn=(334)
3349 2865857 0 0 1 0 0 1
-30 2865857
+30 2865857
-30 2865857 0 2865857
+30 2865857
-30 2865857 0 2865857
+30 8597571 0 0 1 0 0 1
-30 17195142 0 11463428 0 0 128
+30 5731714
+4 5731714
+14 5731714 2865857 0 0 89 0 0 1
+1 8597466
+1 2865822
+1 2865822 2865822 0 0 1424
-1 5731644 0 0 1 0 0 1
+5 5731644
+3 14046580 5618632 2809316 0 339125
+1 2809316
-1 2809316
+1 5618632
+26 113082 0 0 1 0 0 1
+1 113064
+1 113064
+2 169596 56532 0 1 224 0 1 1
+1 14820
+3 7409 7409 0 0 60
+1 14818 7409 0 0 7273
+5 7409 0 7409 0 0 2725
+1 7409 0 7409
+1 7409 0 7409
+2 22227
1900 2818255 2818255 0 0 10
3751 2818255
1900 5636510
3753 2818255
+58 22926856 20060999 0 1 25 0 1
3444 66
+1 18 9
+1 32 0 24 0 0 6
cfn=(336)
calls=8 4111 
* 62360 13134 14929 6 4037 23 6
* 16 16
3796 8
5021 16 0 8
3796 24 0 8
+2 200 0 80 0 0 12
5019 8
+2 8 0 8
-2 24 0 16
3465 16
3796 49124 0 0 1 0 0 1
5021 98248 0 49124 0 0 311
3796 147372 0 49124 1 0 0 1
+2 1228100 0 491240 1 0 657 1
5019 49124
+2 49124 0 49124
-2 147372 0 98248 1 0 0 1
3465 98268
+67 25683
+1 51366
+1 17122 8561 0 0 23
+45 8561 0 8561 0 0 46
+7 8561
-6 8561 0 8561
+1 8561 0 8561
+1 8561 0 8561 0 0 74
+1 8561 0 8561
+3 8561
-52 24
+45 24 0 24
+7 24
-6 24 0 24
+1 24 0 24
+1 24 0 24 0 0 7
+1 24 0 24
+3 24
3465 173181 57727 0 1 26 0 1
+2 17918 17918 0 0 1317
-1 17918 17918 0 0 13
+1 35836
+1 35836 17918 0 1 18 0 1
+7 17918
+10 67510
+34 8991
-5 8991 0 8991
+1 8991 0 8991 0 0 7956
+4 8991
+12 17170
+6 152 0 0 1 0 0 1
+1 7
+1 7 7 0 0 7
+3 14
+5 2 2
-3 2 0 0 1 0 0 1
+3 4 2
+5 1 1
-1 1 0 1
+1 1 0 1
+1 3 0 2
+4 3 1
+6 2
+10 2 1
-36 145 0 0 1 0 0 1
+1 11
+1 11 11 0 0 7
+3 22
-5 30
+1 6
+1 6 6 0 0 6
+3 12
+34 88 0 44 1 0 1 1
-39 36
-50 9562 9562 0 1 0 0 1
-1 19124
+2 9538
-1 19076
+4 8927
+1 17854
+4 17854
-3 17854 0 17854 1 0 0 1
+1 17854 0 8927
+1 17854 0 17854 0 0 3087
+1 8927
+2 8080 0 8080 0 0 1551
+1 8080 0 8080
+3 56560
+2 16160
-2 8080 0 8080
+2 8080 0 8080 0 0 80
+4 8080
1900 8080 8080
3505 8080 0 8080 0 0 10
1900 16160
3502 5929
+2 1694
-2 847 0 847
+2 847 0 847 0 0 45
+4 847
1900 847 847
3505 847 0 847 0 0 6
1900 96898 0 0 1 0 0 1
3537 14
+28 2 1
+30 79618 0 0 1 0 0 1
+70 39809
+1 39809
+1 39809
-1 39809
+1 39809
+1 79618 39809 0 1 324 0 1
+1 79618
+5 159696
+2 116211
+2 154892 38723 0 0 1
-2 116115
+2 154796 38699 0 1 1 0 1
-2 77372
+2 116049 38683
+95 38685 38685 0 0 17
+3 38685
-2 77370 38685 0 0 238
+2 77370
+16 48 24 0 1 5 0 1
+1 20 0 10 0 0 2
cfn=(336)
calls=10 4111 
* 314155 74834 73433 0 16488 29
+2 10
+1 10 10 0 0 2
-1 10
3686 2106
+1 2106
-2 6690 0 0 1 0 0 1
+7 1239 1239 0 0 53
+3 2478
+1 115
+1 115
+1 115
-2 460 0 115
+59 115
3521 406
-1 812 0 406 0 0 21
+1 1218
3380 14046580 2809316 0 1 52948 0 1
3596 18 0 0 1 0 0 1
+3 27 9 0 0 9
3444 69 0 0 2 0 0 2
3678 124
+2 31
+1 62
-1 21
+1 42
3444 4
3702 1124 1124 0 1 382 0 1
+8 2248 1124 0 0 29
-8 3372 0 1124 0 0 3
+5 1124
+3 1124 1124
-3 1124
+3 9064 2272 2248 1 994 0 1
+3 2248
+1 1020 510 510 0 0 412
+1 2040
-37 63
+48 614 614 0 1 0 0 1
-5 614
+6 1228 614
+11 614
-6 614 0 614 0 0 378
+1 614 0 614 1 0 0 1
+1 614 0 614
+1 614 0 614
+3 614
+1 614 0 614
+1 1228
+2 23 0 23 0 0 6
+1 23 0 23
+2 161
+2 46
-2 23 0 23
+2 23 0 23 0 0 2
+1 46 0 23 0 0 15
-3 4137
+2 1182
-2 591 0 591
+2 591 0 591 0 0 45
+1 1182 0 591 0 0 222
3410 4 0 3 1 0 0 1
cfn=(336)
calls=1 4111 
* 666 9 263 4 0 33 4 0 32
* 3 2
+34 14 0 0 1 0 0 1
3805 56 0 28 1 0 5 1
cfn=(338) sysmalloc
calls=14 2278 
* 2261 533 350 22 125 42 22 4 11
+1 14
-1 14
+1 14
1900 56 28 0 1 5 0 1
3780 38661
-3 38661
+1 77322
+2 38661
-1 38661 0 38661
+1 77322
+2 38661 0 0 1 0 0 1
-2 115983
+5 38661
-5 38661 0 38661
+2 38661 0 38661 0 0 21815 0 0 21146
1900 115983 38661 0 0 1
3710 276 138 46 2 1 0 2

fn=(430) systrim.isra.2
2750 8 0 6 1 0 1 1
+10 2 2
-1 1 1 0 0 1
+1 1
+3 4 1 0 1 1 0 1
+2 2
+41 1
+1 8 7

fn=(460)
2922 5732414 5732414 0 2 1836 0 1
+1 5732414
+5 5732414
+5 2865845 2865845 0 0 389792
-2 2865845
+2 5731690
+16 8597529
+1 8597529 0 0 1 0 0 1
cfn=(428) _int_free
calls=2865843 3819 
* 209002281 42987843 25792736 6 708337 268 6
-14 6 2 0 0 2
+1 4 2 0 0 2
+1 2
+2 1
+1 1
-1 1 0 1
+1 1 0 1
+1 3 0 0 1 0 0 1
2817 2 1
+1 1
+6 1 1
-7 1
+7 6 1 0 0 1
-7 2 1
+1 1
+6 1 1 0 0 1
-7 1
+7 6 1 0 0 1
+7 2 0 2
+1 2 0 2
+5 2
cfi=(98) /usr/src/debug////////glibc-2.17-c758a686/misc/../sysdeps/unix/syscall-template.S
cfn=(496) munmap
calls=2 81 
* 10 2 0 1 0 0 1
* 362 362

fn=(338)
2278 126 0 84 1 0 9 1
+21 14 14 0 0 14
+11 14
-11 28 14 0 0 14
+11 14
+1 40 14 12 0 14 9 0 1
+79 12 12 0 1 0 0 1
+20 12
-19 24 12
+19 24
2716 24 12 0 1 0 0 1
+6 12 12
+3 12
-3 12
+3 24
+1 12
+3 36
-2 12
+2 24
+1 12
-1 12
-1 12 0 12
+1 12 0 12
+1 12 0 12 0 0 8 0 0 8
+2 12
+6 96 84
-6 2
+6 16 14
-21 24 0 12 2 0 0 2
2312 6 4 0 0 2
+14 8
+6 4
2461 24 24 0 1 0 0 1
+19 24
-19 60
+19 24
+8 12
-8 12
+8 12
2334 16 0 4 1 0 3 1
cfi=(95)
cfn=(400)
calls=2 32 
* 66 14 12 0 0 1
+2 6 2
+34 2 2
-5 6 0 2 1 0 2 1 0 2
+5 8 2 2
+3 2 2
+1 2 2
-1 2 0 2
+1 2
+1 4 0 2
2489 72 24 48 2 23 8 2
cfi=(83)
cfn=(340)
calls=12 47 
* 777 155 96 5 35 1 5 1
+1 12 12
-1 12
+1 12
+3 48 24
+2 24 24 0 0 10 0 0 1
+1 24 0 0 1 0 0 1
+18 24
+25 24 12 0 0 12 0 0 1
+2 24 12
2392 12
2547 12
-6 12 0 12
+6 34
+1 55 11 11
+2 6 1 0 1 0 0 1
+42 3 0 0 1 0 0 1
+19 1
+3 2
+1 4
+3 1 1
-3 1 0 1
+3 2 1 1 1 0 0 1
cfi=(83)
cfn=(340)
calls=1 47 
* 45 11 6 0 1
+12 3 1
+5 2 2
+1 4 2
+35 1
+1 1
-2 1 0 1
+1 2 0 0 1 0 0 1
+12 1
-12 1 0 1 0 0 1 0 0 1
+1 2 0 1
+11 1
2371 4 0 2 1 0 0 1
2540 5 0 2 1 0 0 1
+10 2

fn=(424)
4215 198 0 132 1 0 3 1
+21 88 22
+1 66 22 0 1 5 0 1
+15 44
+1 66 22 0 0 7
+1 44
+1 44
+6 44
+8 44 22 0 0 4
+11 22 11 0 1 2 0 1
+87 80 70
-96 11 0 0 1 0 0 1
-1 11
-1 22
+21 36 0 12
cfn=(334)
calls=12 3349 
* 139481 23876 29892 13 4607 1948 13 0 5
+1 12
-1 12 0 0 1 0 0 1
+1 12
+4 12 12
-1 12
+6 24
+11 12
+3 24
+3 24
+21 48 0 12 1 0 0 1
cfn=(428)
calls=12 3819 
* 1070 252 168 14 39 7 14
+29 12
-27 12
+27 84 84 0 0 6
-55 12 0 0 1 0 0 1
+6 24 0 12
cfi=(97) /usr/src/debug////////glibc-2.17-c758a686/string/../sysdeps/x86_64/memcpy.S
cfn=(426) __GI_memcpy
calls=12 61 
* 66423 30778 30750 12 3812 3845 12 1 3500
* 12
-46 50 0 0 2 0 0 2
+2 10
-2 10
+2 10
-2 20
+1 10
-1 10 0 10
+1 10 0 10
+1 10 0 10 0 0 10 0 0 10
+2 20

fn=(418)
2956 216 0 144 1 0 0 1
+7 48 48 0 0 29
+1 48 0 0 1 0 0 1
+4 46
+4 46
+5 23 23 0 0 5
-2 23
+2 23
+2 23
-2 23
+2 46
+3 63 0 0 1 0 0 1
+6 92
+1 46
+7 184 0 0 1 0 0 1
+2 46
2846 2 2 0 0 2
+1 2 2
-1 2 2 0 0 2
+12 2
-12 2
+9 10
+3 4
+3 20 0 8 1 0 1 1
cfi=(98)
cfn=(432) mremap
calls=2 81 
* 12 2 0 1 0 0 1
+3 8 4
+9 2 2
-2 2
-5 2
+5 4
+2 2
+1 2 2 0 0 2
-3 2 0 2
+4 2 2
-1 2 0 2
+1 2
3004 2
+43 207 161 0 1 6 0 1
-67 25 0 21 1 0 0 1
+44 126 21 21 0 0 3
+4 126 0 42 1 0 3 1
cfn=(424)
calls=21 4215 
* 208245 55160 60999 43 8481 5812 43 1 3514
* 21
+2 84 21 21 0 6
+4 84 42 0 1 6 0 1
2876 2 0 1 2 0 0 2
+92 46 0 0 1 0 0 1
-3 1 1 0 1 0 0 1
+82 7 6
-82 1
cfi=(80)
cfn=(420)
calls=1 37 
* 139 26 22 12 1 1 12 0 1

fn=(428)
3819 28658550 0 17195130 1 0 41 1
+13 8597565 2865855 0 1 5 0 1
+6 11463420
+1 5731710
+13 11463420
+13 5731710 2865855 0 0 576
+11 11463284 2865821 0 1 705937 0 1
+1 8597463 2865821 0 0 1205
1907 2865821 2865821
3901 2865821
1907 5731642
3903 8597463 2865821 2865821 0 85 38
+1 5731642 0 0 1 0 0 1
+1 2865821
+3 2865821 2865821 0 0 486
-3 2865821
+9 8597463
-5 8597463
+14 11360824
+2 2865821 0 2865821 0 0 189
+2 17194926 2865821 2865821
+2 11360824
4094 22926656 20060824 0 1 0 0 1
3940 68 0 0 1 0 0 1
3830 34
3941 68
+18 34 34 0 0 9
-4 34
+4 68
+6 68 34 0 0 6
+8 102 34 0 1 13 0 1
+6 68
+1 68
+1 68 34 0 0 5
1907 102 34
3990 68 34
+1 2 2
+2 2 0 0 1 0 0 1
-1 2
+2 20 10 4 0 4
+3 68 34 0 1 0 0 1
+5 66 33 0 0 11
+4 28 0 28
+9 28 28 0 0 8
-1 28
+2 56 28 0 0 5
-1 5 5
-1 5
+2 10 5
+7 33
-2 33 0 33 0 0 5
+1 33 0 33
+1 33
+2 8 0 8
+1 8 0 8
+2 8 0 8
+1 8 0 8
+2 24 0 8
+1 8 0 8
+30 16
-34 25 0 25
+1 25 0 25
+2 75 0 25
+1 25 0 25
+30 52 0 0 1 0 0 1
+1 4 2
+3 6 0 0 1 0 0 1
+16 68
+2 92 23 23
+10 184 161
3950 138 23 23 2 4 0 2
+2 46
+51 50 25 10
+1 10 0 0 1 0 0 1
+64 10 6 0 1 2 0 1
+2 4 1 1 0 0 1
cfn=(430)
calls=1 2750 
* 27 11 6 2 2 1 2
* 1
-27 1 0 0 1 0 0 1
+1 3 0 1
+1 2 0 1
-78 102 34 0 1 13 0 1
-2 68 0 0 1 0 0 1

fl=(105)
fn=(554)
30 6 0 6 1 0 0 1
+17 2
-17 10 0 6
+4 8 2
+4 12 2
-4 6 2 0 1 0 0 1
+32 8 2 0 1 0 0 1
+4 12 2 0 0 1
-4 6 2 0 1 0 0 1
+12 4
+3 2
-2 2
+2 12 12
-2 2
cfi=(106) /usr/src/debug/glibc-2.17-c758a686/nptl/../nptl/sysdeps/unix/sysv/linux/unregister-atfork.c
cfn=(556) __unregister_atfork
calls=2 -43 
* 14 6 2 1 1 0 1 1

fl=(102)
fn=(504)
40 3 0 3 1 0 0 1
+14 1 1 0 0 1
-14 1
+14 3
+3 18 7 3 1 0 0 1
+4 3
-3 2 0 0 1 0 0 1
fi=(96)
889 2
+1 3 1 1
fe=(102)
63 4 2 1 0 1
cfi=(87)
cfn=(518) _IO_file_finish@@GLIBC_2.2.5
calls=1 203 
* 32 10 4 3 0 0 3
+1 3 1
+18 6 3 0 1 1 0 1
+2 1 0 1
+1 2 0 1
cfi=(79)
cfn=(460)
calls=1 2922 
* 114 25 15 0 4
* 1 1 0 0 1
+4 5 4
-10 2 1
-20 2 0 1 1 0 0 1
cfi=(87)
cfn=(508) _IO_file_close_it@@GLIBC_2.2.5
calls=1 159 
* 113 30 27 8 1 0 8
* 3 1
-4 1 0 1 1 0 0 1
cfi=(86)
cfn=(506) _IO_un_link
calls=1 +6 
* 80 21 21 8 6 0 8
* 3 1
fi=(96)
890 6 1 2 1 0 0 1
fe=(102)

fl=(49)
fn=(184)
30 1 0 0 1 0 0 1
+1 1
+3 2
-3 4 0 4
+3 1 0 1
cfi=(46)
cfn=(176)
calls=1 -7 
* 7 3
+1 3 0 0 1 0 0 1
+1 3 1

fl=(78)
fn=(322) __fopen_internal
65 6 0 3 1 0 0 1
+8 1 0 0 1 0 0 1
-8 2 0 1
+8 1 0 1
cfi=(79)
cfn=(326)
calls=1 2886 
* 57511 13882 363 63 1085 44 63 862 34
* 1 1 0 1 1 0 1
+2 1
-2 1
+2 1
+3 1
+3 5
-3 1 0 1 0 0 1 0 0 1
+3 1 0 1
cfi=(86)
cfn=(346) _IO_no_init
calls=1 644 
* 58 7 39 7 0 4 7 0 4
+4 1 0 0 1 0 0 1
+1 1
-1 1 0 1
+1 1 0 1
cfi=(87)
cfn=(350) _IO_file_init@@GLIBC_2.2.5
calls=1 +58 
* 95 26 28 11 3 0 11 1
+4 5 0 1
cfi=(87)
cfn=(354) _IO_file_fopen@@GLIBC_2.2.5
calls=1 260 
* 113 27 19 11 2 0 11 2
* 1
+1 1
-1 1
+6 5 4
-5 1
cfn=(362) __fopen_maybe_mmap
calls=1 -49 
* 4 2 0 1 0 0 1

fn=(320)
103 2 0 0 1 0 0 1
cfn=(322)
calls=1 -38 
* 57821 13949 459 97 1091 49 97 865 39

fn=(362)
42 1 1 0 1 0 0 1
-2 1
+2 1
+15 1 1

fl=(106)
fn=(556)
36 2 2 0 1 1 0 1 1
-8 4 0 2
+11 4
+82 4 4

fl=(87)
fn=(486) _IO_file_write@@GLIBC_2.2.5
1294 49 0 28 0 0 7 0 0 1
+2 35 0 0 1 0 0 1
+11 7
+1 7
-12 14
+5 7 7
-1 21 7
+1 14 0 7
cfi=(88) /usr/src/debug////////glibc-2.17-c758a686/io/../sysdeps/unix/syscall-template.S
cfn=(488) write
calls=7 81 
* 49 14 0 2 0 0 2
+1 14
+9 21 7
+3 63 35 0 1 0 0 1

fn=(508)
159 3 0 3
+2 1 1
-2 1
+2 2
+4 1 1
+3 1
-3 1
-1 2 0 0 1 0 0 1
+6 1
+3 1
-3 1 0 1
cfi=(86)
cfn=(510) _IO_unsave_markers
calls=1 1116 
* 9 4 1 2 0 0 2
+3 2 1
+4 3 1
+9 5 0 1 1 0 0 1
cfi=(86)
cfn=(402)
calls=1 400 
* 39 10 8
+1 2 0 2
+3 1
-3 1 0 1
+1 3 0 3
+2 1 0 1
cfi=(86)
cfn=(506)
calls=1 61 
* 10 4 2
+5 2
-4 1 0 1
+1 1 0 1
+1 1 0 1
+2 1
+1 4 4
-23 3 2 1 1 1 0 1
cfn=(512) _IO_file_close
calls=1 1285 
* 7 2 0 2 0 0 2
* 2 0 0 1 0 0 1

fn=(390) _IO_file_underflow@@GLIBC_2.2.5
551 64 0 32 1 0 0 1
+8 48 16 0 1 0 0 1
+6 48 32
+3 32 16
+13 32
+20 32 0 16 1 0 0 1
cfi=(86)
cfn=(404) _IO_switch_to_get_mode
calls=16 183 
* 320 112 96 2 0 0 2
+6 16 16
+5 64 32 0 1 0 0 1
-5 32 0 32
+1 16 0 16
+2 16 0 16
-1 32 0 32
+3 16 16 16 0 14
cfn=(406) _IO_file_read
calls=16 1244 
* 176 64 0 2 0 0 2
+2 32
+10 15 15
-3 15 0 15
+3 30
+2 30 30 0 0 15
+1 60 45
-10 1 1
-1 1
+1 2 0 1
+10 1
-4 1
+4 3 3
-56 3 1 0 2 0 0 2
+5 2 0 1
cfi=(86)
cfn=(392) _IO_doallocbuf
calls=1 415 
* 128 31 21 11 2 0 11
* 2 1

fn=(480) _IO_file_overflow@@GLIBC_2.2.5
823 724 0 543 1 0 0 1
+1 543 181
+7 1263 360
+35 362
+3 362 181 0 0 6
+3 543 0 362 0 0 14 0 0 1
+1 543 181
+1 724
+4 181
+1 724 724
-45 2 1 0 1 0 0 1
+12 2 0 0 1 0 0 1
+9 4 2
+8 1 1
-4 1 0 1
+3 2
-2 2 0 2
-3 1 0 1
+1 2 0 1
+5 1
-1 1 0 1 1 0 0 1
+1 3
+1 2 0 1
+12 14 14
-1 7
+1 7
-1 7 0 7
cfn=(484) _IO_do_write@@GLIBC_2.2.5
calls=7 508 
* 637 168 112 14 6 7 8 0 1
* 14
-39 2 0 1 1 0 0 1
cfi=(86)
cfn=(392)
calls=1 415 
* 141 32 22 2 4 2 1 1 2
+1 6 2 3

fn=(512)
1285 2 1 0 1 0 0 1
cfi=(88)
cfn=(514) __close_nocancel
calls=1 81 
* 5 1 0 1 0 0 1

fn=(350)
144 1 0 1 1 0 0 1
+4 1
-4 3 0 1
+5 1 0 1 1 0 0 1
-1 1 0 1
+3 1 0 1
cfi=(86)
cfn=(352) _IO_link_in
calls=1 -51 
* 82 23 22 9 3 0 9 1
+1 1 0 1
+1 4 3

fn=(598) _IO_file_sync@@GLIBC_2.2.5
885 1 0 1 1 0 0 1
+5 1 1
-5 1
+5 3 1
+2 1 1 0 1 0 0 1
+1 2 1
+17 2 0 1
+4 2 2

fn=(396)
1262 2 0 0 1 0 0 1
+1 6 2
cfi=(94) /usr/src/debug/glibc-2.17-c758a686/io/../sysdeps/unix/sysv/linux/wordsize-64/fxstat.c
cfn=(398) _fxstat
calls=2 36 
* 20 2 0 1 0 0 1

fn=(476)
1321 362 0 362
+7 362
-7 2534 0 1810 0 0 7 0 0 1
+6 724
+69 2896 2534 0 1 0 0 1

fn=(406)
1244 64 32 0 1 0 0 1
cfi=(88)
cfn=(408) read
calls=16 81 
* 112 32 0 1 0 0 1

fn=(484)
508 7 0 7 1 0 0 1
+2 7
-2 35 0 21
+2 14
+12 28 7 0 1 0 0 1
+7 28 14
+8 35 14 7 1 6 0 1
cfn=(486)
calls=7 1294 
* 301 70 35 4 0 7 4 0 1
* 7
+1 21 7
+6 7 7
-4 7 7
+4 7
-4 21 0 21 7 0 0 1
+1 14 0 14
+3 7
-34 14
+32 7 0 7
-32 7
+1 28 21
-1 7
+1 14 14
+32 14 7

fn=(518)
203 1 0 1 1 0 0 1
+1 1 1
-1 1
+1 1
+6 2 0 0 1 0 0 1
+1 1 1
-1 1
cfi=(86)
cfn=(520) _IO_default_finish
calls=1 683 
* 24 8 3 1 0 0 1

fn=(594) _IO_file_setbuf@@GLIBC_2.2.5
460 2 0 1
+1 1 0 1
cfi=(86)
cfn=(596) _IO_default_setbuf
calls=1 +97 
* 51 14 16 6 0 0 6
* 2
+4 2 1 1
-1 2 0 2
+2 3 0 3
+2 1
+1 2 2

fn=(354)
260 1 0 1 1 0 0 1
+12 1
-12 8 0 5
+11 3 1
+2 4 1 0 0 1 0 0 1
430 8 7 0 1 0 0 1
281 2 1 0 1 0 0 1
-20 1
+37 12 1
+41 1 0 0 1 0 0 1
225 1
+1 2
-1 1
+4 1 0 1
cfi=(88)
cfn=(356) open
calls=1 81 
* 7 2 0 1 0 0 1
* 1
+4 2
+3 1 1
-1 1 0 1
+1 2
+3 2 0 0 1 0 0 1
-3 1 0 1
+3 1
+10 2 0 1
cfi=(86)
cfn=(352)
calls=1 100 
* 11 4 2
359 3 0 1
cfi=(89)
cfn=(360)
calls=1 53 
* 25 9 6 4 1 0 4 1
* 1
+1 3
-83 1 0 0 1 0 0 1
-1 1
-15 2

fl=(97)
fn=(426)
61 12 0 0 1 0 0 1
+2 12
+2 12
+3 8
+1 8
+11 8
+1 8
+11 8 0 0 1 0 0 1
+1 8
+11 8
+1 8
+2 8 8
+1 8 0 8 0 0 1
+2 8
+1 8
+5 8
+1 9
+5 1 1
+1 1 1
+1 1 0 1
+1 1 0 1
+2 1
+2 1
+1 1
+2 1
+8 8 8
+8 12 0 12 1 0 0 1
+6 12
+2 12
+1 12
+26 12 0 0 1 0 0 1
+1 12
+3 4
+1 4
+1 4
+5 19
+2 19 19
+1 19 19
+1 19 19
+1 19 19
+2 19 0 19 0 0 5
+1 19 0 19
+1 19 0 19 0 0 10
+1 19 0 19
+2 19 0 0 1 0 0 1
+1 19
+2 19
+2 18
+2 18 18
+1 18 18
+1 18 18
+1 18 18
+2 18 0 18 0 0 1
+1 18 0 18
+1 18 0 18 0 0 2
+1 18 0 18
+2 18
+1 18
+2 24
+5 3
+6 3 3
+1 3
-7 1
+6 1 1
+1 1
+19 8 8 0 1 8 0 1
+1 8
+1 8
+5 8
+1 8
+4 8
+1 8
+2 10604 10596 10596 0 1295 1325 0 0 1024
+1 8
+6 8
+1 8
+1 8
+3 4
+6 4 4 0 0 1
+1 4
+2 4 4
+13 4 4 0 1 4 0 1
+1 4
+1 4
+3 4
+1 4
+1 4
+1 4
+2 4 0 4 0 0 4
+2 4 0 4
+2 4 0 4 0 0 1
+2 4 0 4 1 0 0 1
+3 4 4 0 0 4 0 0 1
+1 4
+69 1248 0 0 1 0 0 1
+2 1248 1248
+1 1248 1248
+1 1248 1248
+1 1248 1248
+1 1248 1248 0 0 1024
+1 1248 1248
+1 1248 1248 0 0 224
+1 1248 1248
+2 1248
+1 1248
+2 1248 0 1248 1 0 0 1
+1 1248 0 1248
+1 1248 0 1248
+1 1248 0 1248
+1 1248 0 1248 0 0 192 0 0 192
+1 1248 0 1248
+1 1248 0 1248 0 0 1056 0 0 1047
+1 1248 0 1248
+2 1248
+1 1248
+2 1248
+2 1248
+2 1248 1248
+1 1248 1248
+1 1248 1248
+1 1248 1248
+1 1248 1248 0 0 1024
+1 1248 1248 0 1 0 0 1
+1 1248 1248 0 0 224
+1 1248 1248
+2 1248
+1 1248
+2 1248 0 1248
+1 1248 0 1248
+1 1248 0 1248
+1 1248 0 1248
+1 1248 0 1248 0 0 192 0 0 192
+1 1248 0 1248
+1 1248 0 1248 0 0 1056 0 0 1045
+1 1248 0 1248
+2 1248
+1 1248
+2 1248 0 0 1 0 0 1
+3 4 4 0 0 3
+2 4 4
+2 4 4 0 0 1
+2 4 4
+6 4
+1 4
+1 4
+2 4
+6 4 4
+1 4

fl=(98)
fn=(496)
81 12 0 0 1 0 0 1
+1 3 3

fn=(432)
81 10 0 0 1 0 0 1
+1 2 2

fl=(67)
fn=(248)
478 2 0 2 1 0 0 1
+12 1 1
-12 1 0 1
+12 1 1
-12 1 0 1
+12 1
-12 1 0 1
+12 1
648 2 0 0 1 0 0 1
+2 1
+1 1 0 1 0 0 1 0 0 1
+2 1
-3 1
+5 1 0 1 1 0 0 1
-5 1 0 1
+4 3 0 1
+4 2
+2 1
+1 1 0 1 0 0 1 0 0 1
+2 1
+4 1 1
-7 1
+5 1 0 1
-5 1 0 1
+4 1
+3 2 2
-3 1
+3 1 1
-3 1 0 1
+3 2 2
492 2 0 1 2 0 0 2
cfn=(250) handle_intel.isra.0
calls=1 262 
* 843 184 92 17 6 2 17 6 2
+4 1
-4 1
+4 1 0 1
cfn=(250)
calls=1 262 
* 884 184 92 1 0 0 1
+2 1
-2 1
-1 1
+3 1
+9 3 1
+2 1 1
+1 1 1
+2 1
+5 2 0 0 1 0 0 1
+9 16
-9 12
+6 3
-6 3
+6 3
-6 3
+6 1
-6 1
+6 1
+69 4
+1 6
-65 1 0 0 1 0 0 1
+32 1
-26 5 0 0 1 0 0 1
+7 2
+4 4
+2 4
-6 4
+4 1
-2 1
+2 1
-4 3
+4 1
-2 1
+2 1
+15 1
+1 4 0 0 1 0 0 1
-9 1 0 0 1 0 0 1
+2 2
+1 1
-1 2
+1 1
+1 1

fn=(250)
262 4 0 4 1 0 0 1
+12 2
-12 12 0 8
+9 2 0 2
+1 4 0 2 1 0 0 1
-3 6 0 2
+23 10 0 2
cfn=(252) intel_check_word
calls=2 132 
* 1444 340 146 9 6 2 9 6 2
+1 4
+3 10 0 2
cfn=(252)
calls=2 132 
* 189 14 12 5 0 0 5
+1 4
-17 4 0 0 1 0 0 1
+5 2
-5 4 0 2
+5 2
+2 2
+1 2
-1 4 0 2
+27 16 14 0 1 0 0 1

fn=(252)
132 32 0 24 1 0 0 1
+1 12
+6 32 0 0 1 0 0 1
+2 4
-2 4
+2 4
+88 8
-76 20
+53 16
+23 40 0 0 1 0 0 1
-1 8 0 8 0 0 1 0 0 1
+1 8 0 8
cfi=(68) /usr/src/debug/glibc-2.17-c758a686/stdlib/bsearch.c
cfn=(254) bsearch
calls=8 26 
* 1226 326 118 4 6 1 4 6 1
+2 16
+22 8
141 16
+2 10 0 0 1 0 0 1
+2 20
-10 2
258 32 28 0 1 0 0 1
-93 10
+5 10 0 0 1 0 0 1
-5 14
+9 2 0 0 1 0 0 1
+2 4
+8 2
+4 2
-2 4 0 0 1 0 0 1
+13 3
-34 15
+5 6
+4 8 0 0 1 0 0 1
+7 9
+9 2 0 0 1 0 0 1
-2 2
+3 2
-1 2
-2 2
+1 2
+1 2
-1 6
+1 2
-2 4

fn=(256) intel_02_known_compare
121 162 108 0 1 6 0 1 6
+3 162 54

fl=(73)
fn=(290)
56 6 0 3 1 0 0 1
-22 2 0 1 1 0 0 1
cfn=(292) __new_exitfn
calls=1 +38 
* 39 8 8 5 3 2 5 1 2
+2 2
+4 1
+3 1 0 1
+1 1 0 1
-4 2 1
+2 1 0 1
+4 1 0 1
+1 1
+11 4 4

fn=(292)
72 1 0 1 1 0 0 1
+6 2
-6 3 0 1
+6 4 1 1 1 1 1 1 1 1
+2 4 1 0 0 1
-7 2
+9 3 1 0 0 1
-2 1 1 0 1 0 0 1
+10 1 0 1
-10 2
+45 1 0 1 1 0 0 1
+1 1 0 1 0 0 1 0 0 1
+3 4 1 1
+3 5 3
-35 2 0 0 1 0 0 1
+14 1
+1 2 0 1

fl=(64)
fn=(242)
30 4 0 2 1 0 0 1
+1 5 1
+2 3 0 1
cfi=(65)
cfn=(244)
calls=1 -8 
* 34 2 0 4 1 0 4
+4 5 1 1 1 1 1 1
+1 3 2 1
+2 4 3

fl=(99)
fn=(470)
29 1448 0 905 2 0 3 2
+4 181 0 0 1 0 0 1
-4 181
+5 181
-1 905 0 724
+1 543 362 181 1 17 0 1
cfi=(100)
cfn=(472)
calls=181 222 
* 66014 17775 14271 68 129 89 47 4 13
+4 362 181

fl=(86)
fn=(590)
1007 1 0 1 1 0 0 1
+3 1
-3 2 0 2
-48 1 1
+48 2 0 1
+3 1 0 1
cfn=(592) _IO_flush_all_lockp
calls=1 819 
* 88 25 12 8 10 0 8 3
-63 1 1
+63 1
-63 3
+2 9 3 0 1 0 0 1
+2 2
-1 4
+3 4 1
+6 16 5 3 1 1 0 1
+8 5 2 0 0 1 0 0 1
+10 5 2 1 0 1
cfi=(87)
cfn=(594)
calls=1 460 
* 66 17 24 6 0 0 6
+3 2
+7 3 0 3 1 0 0 1
-40 9 3
+75 7 5
-53 1 0 0 1 0 0 1
+4 1 1
-4 1 0 1
+2 1 1
+1 1 0 1
+1 1 0 1
-2 1 0 1 1 0 0 1
+3 4 1 1
+6 3 1
+1 8 1 3 1 0 0 1

fn=(386)
364 16 0 16 1 0 0 1
+2 16 16
-2 16
+2 33 0 1
+6 80 48 0 1 0 0 1
+3 32
+2 32
+6 32 16 0 0 15
+7 32 16
+1 16 16
-1 32 16 0 0 15
cfn=(388) _IO_default_uflow
calls=16 +45 
* 1458 525 341 23 31 0 23
-24 30 0 0 1 0 0 1
+22 48 16 0 2 0 0 2

fn=(388)
435 16 0 16 1 0 0 1
+1 16 16
-1 16
+1 16 16 16
cfi=(87)
cfn=(390)
calls=16 551 
* 1270 431 294 21 31 0 21
+1 32
+2 60 30 15 1 0 0 1
+1 32 32

fn=(392)
415 6 0 6 1 0 0 1
+1 2 2
-1 2
+1 2
+6 8 8
-4 6 2 0 2 0 0 1
+1 6 4 2 0 2
cfi=(93)
cfn=(394)
calls=2 96 
* 233 47 35 10 4 2 10 1 2
* 4

fn=(506)
61 12 0 6 1 0 0 1
+1 6 3
+4 6 1 2 1 1 0 1
+1 10 3 2 1 1 0 1
+2 1 1
-2 1 0 1
+1 1 0 1
+1 19 7 3 1 2 0 1
+2 3 1 0 1 1 0 1
+2 2
+13 1 0 0 1 0 0 1
+2 1
-2 1 0 1
+2 4 1 1
+2 1 0 1
-1 1 0 1
+1 6 1 2 1 0 0 1
+1 2
+3 12 9
-6 6 1 2 1 0 0 1
-13 1 1 0 0 1
+1 1 0 1
-1 2 0 1

fn=(592)
819 3 0 3 1 0 0 1
+6 1
-6 5 0 3
+6 2
+6 1 1 0 1 0 0 1
-11 1
+10 1 1 0 0 1
+2 2
+4 2 1
-1 3 0 0 1 0 0 1
-1 3 0 3
+1 3
+3 9 3 0 1 3 0 1
+10 6 0 0 1 0 0 1
+4 3 3 0 1 0 0 1
-2 3 0 3
+2 6
+7 3 3 0 0 3 0 0 1
-27 6 0 0 1 0 0 1
+31 2
+2 2
+4 9 7
-31 12 6 0 1 3 0 1 2

fn=(596)
558 5 0 3 1 0 0 1
+1 1 1 0 1 0 0 1
-1 1
+1 1 1 1
cfi=(87)
cfn=(598)
calls=1 885 
* 13 6 2 2 0 0 2
* 2
+9 1 1
-7 1
+7 1
-7 1
401 1 1
563 1
+1 1
-1 1 0 1
+1 1
401 4
+7 1 0 0 1 0 0 1
-5 1 0 1
+1 1 0 1
+4 1 0 1
571 2 0 2
+2 1
-2 1 0 1
+1 3 0 3
+2 4 4 0 1 0 0 1

fn=(352)
100 8 0 4 1 0 0 1
+1 6 2 0 1 0 0 1
+4 1 1
-2 2 0 1
+2 5 0 2
+1 10 3 2 1 2 0 1 1
+2 1 1
-2 1 1
+1 1 0 1
+1 1
-2 1 0 0 1 0 0 1
+2 1
-2 1 0 1
+2 14 7 2 1 0 0 1
+2 1 1 0 0 1
-2 1 0 1
+4 1 0 1
+2 1
-3 1 0 1
-1 1 0 1 1 0 0 1
+4 7 2 1
+2 1
-1 1 0 1
+1 8 1 3 1 0 0 1
+1 2
+3 8 6
-6 7 2 2 2 0 0 2

fn=(520)
683 2 0 1
+2 3 1
+6 3 1 0 1 0 0 1
+3 3 1
+6 1
+6 1 1
-6 1
cfn=(506)
calls=1 61 
* 10 4 2

fn=(348) _IO_old_init
627 1 0 0 1 0 0 1
-16 1
+1 1 0 1
+15 1 0 1 1 0 0 1
+5 1 1
-21 1 0 1
+2 1 0 1 0 0 1 0 0 1
+1 1 0 1
+1 1 0 1
+17 1
-16 1 0 1
+1 1 0 1
+1 1 0 1 1 0 0 1
+1 1 0 1
+1 1 0 1
+1 1 0 1
+2 1 0 1
+1 1 0 1
+1 1 0 1
+1 1 0 1
+6 1
+1 4 1 3 0 0 1 0 0 1

fn=(402)
400 15 0 6 1 0 0 1
+1 14 6
+3 3 0 3
+2 12
-3 3 0 3
+3 6 0 3
+3 12 9
-7 7 1 3
cfi=(98)
cfn=(496)
calls=1 81 
* 5 1
* 4 3

fn=(404)
183 16 0 16 1 0 0 1
+1 16 16
-1 16
+1 32 16
+3 48 16 0 1 0 0 1
+5 16 16
-1 32 16 16
+1 16
+7 16
-4 16 0 16
+2 32 0 32
+2 16 0 16
+1 16
+1 32 32

fn=(346)
644 9 0 4 1 0 0 1
+1 1 0 1
cfn=(348)
calls=1 -18 
* 25 2 19 3 0 2 3 0 2
+3 1
-2 1 0 1 1 0 0 1
+2 1
+2 1 0 1
+1 1 0 1 0 0 1 0 0 1
+1 1 0 1
+1 1 0 1
+1 1 0 1
+1 1 0 1
+1 1 0 1
+1 1 0 1 1 0 0 1
+1 1 0 1
+1 1 0 1 0 0 1 0 0 1
+1 1 0 1
+1 1 0 1
+2 1 0 1
+3 1 0 1
+1 6 5 0 1 0 0 1

fn=(478)
242 543 181 0 1 0 0 1
+2 543 362 0 1 0 0 1
cfi=(87)
cfn=(480)
calls=181 823 
* 6828 1847 1057 21 16 23 14 1 4

fn=(510)
1116 1 0 1 1 0 0 1
+2 1 1
-2 1
+2 1
+19 3 1
+2 2 2 0 1 0 0 1

fl=(47)
fn=(178)
30 1 1 0 1 0 0 1
+1 1
+1 1 1
+1 1
+2 1 1

fl=(68)
fn=(254)
26 8 0 8 1 0 0 1
+5 8
-5 72 0 40 1 0 1 1 0 1
+7 8
-7 16 0 16
+7 8
+7 8
+1 8
-8 16
+2 54
+2 54 54
-2 54
+1 162 54 0 1 0 0 1
+1 108 0 54
cfi=(67)
cfn=(256)
calls=54 +84 
* 324 162 0 1 6 0 1 6
+1 108
+1 46
-6 92
+14 8
-1 8
+1 56 56

fl=(44)
fn=(172)
100 1 1 0 1 1 0 1
+2 1
+1 1 1 0 0 1
+1 1
+9 1 1 0 1 0 0 1

fn=(180)
120 1 1 0 1 0 0 1
+2 1
+1 1 1
+1 1
+9 1 1 0 1 0 0 1

fl=(94)
fn=(398)
36 2 0 0 1 0 0 1
-1 2
+1 2
+1 12
+4 2 2

fl=(88)
fn=(356)
81 2 1 0 1 0 0 1
cfn=(358) __open_nocancel
calls=1 * 
* 5 1

fn=(488)
81 14 7 0 1 0 0 1
cfn=(490) __write_nocancel
calls=7 * 
* 35 7 0 1 0 0 1

fn=(410) __read_nocancel
81 80 16

fn=(358)
81 5 1

fn=(490)
81 35 7 0 1 0 0 1

fn=(408)
81 32 16 0 1 0 0 1
cfn=(410)
calls=16 * 
* 80 16

fn=(514)
81 5 1 0 1 0 0 1

fl=(48)
fn=(182)
27 1 1 0 1 0 0 1
+1 1
+1 1 1
+1 1
+1 1 0 0 1 0 0 1
+2 1 1
+1 1
+5 1 1

fl=(84)
fn=(342)
34 13 0 13 1 0 0 1
+8 13 13 0 0 12
-8 39 0 26
+8 75 25 0 0 24 0 0 1
+4 26
+4 48
+3 12 0 12
cfi=(85)
cfn=(344)
calls=12 -22 
* 156 24 12
* 24
+4 65 52
-14 26 0 13 1 0 0 1
cfi=(85)
cfn=(344)
calls=13 -12 
* 169 26 13 2 0 0 2
* 52 13

fl=(45)
fn=(174)
36 1 0 0 1 0 0 1
+1 1
+3 2 0 0 1 0 0 1
-3 4 0 4
+3 1 0 1
cfi=(46)
cfn=(176)
calls=1 -13 
* 7 3 0 2 1 0 2
* 3
+1 3 1

fl=(66)
fn=(246)
32 5 5 0 1 4 0 1
+2 1 1
-2 2 0 1 1 0 1 1
+2 3 1 1 0 1
+2 5 3 1 0 1

fl=(82) /usr/src/debug/glibc-2.17-c758a686/elf/dl-addr.c
fn=(332) _dl_addr
126 9 0 6 1 0 0 1
+5 1 1 0 0 1
-5 2 0 2
+5 2 1 1 0 1
cob=(1)
cfi=(2)
cfn=(50)
calls=1 917 
* 2 1 1 0 0 1
+3 6 2 0 1 0 0 1
+1 4 1 0 0 1
+1 20 8 0 0 2
+1 2 1 0 1 0 0 1
30 1 1 0 1 0 0 1
+1 1 0 1
-1 1 0 1
+4 2 1
+5 1 1
+6 1 1 0 0 1
-7 1 1
+2 2 2 0 1 0 0 1
+2 1 1
-2 1 0 1
+2 1 1
+3 1
+5 7 2
+2 1 1 0 1 1 0 1 1
+1 2
-1 1010 1010 0 0 63 0 0 20
+1 2020
+2 4928 905
+6 11065 2213 0 0 471 0 0 425
+2 8852 2213 0 1 0 0 1
+1 16225 5080 0 0 357 0 0 328
+7 2213
-2 2213
+2 5437 2213 0 1 136 0 1 80
-21 2022
+49 3 1 0 0 1
+1 1 0 1 0 0 1
+1 3 1
+3 2 0 0 1 0 0 1
+41 3 2 1 0 2 1
cob=(1)
cfi=(2)
cfn=(52)
calls=1 923 
* 2 1 1 0 0 1
+3 9 7
-13 9 3 0 1 0 0 1
-19 1 0 1 1 0 0 1
+1 1 0 1
+23 2

fl=(50)
fn=(186)
0 15 4 0 1 0 0 1

fl=(46)
fn=(176)
27 4 4 0 1 0 0 1
-1 4
+1 4 4 0 0 2
+4 8
-3 8 4 0 1 0 0 1

fl=(75)
fn=(310)
26 1 0 1 1 0 0 1
+9 1
+1 2 1
+1 1 0 1
+4 1 0 1
+1 1 0 1
+1 1 0 1 1 0 0 1
+1 1 0 1
+1 1
+2 2 1
+2 1 0 1
+1 1 1
+1 1
+2 2 1
+2 1 0 1
+9 1
cfi=(76)
cfn=(312)
calls=1 -35 
* 9 2 2 1 0 0 1

fl=(81)
fn=(330)
383 6 0 5 1 0 0 1
+11 1 1
-8 1 0 1
+8 1
+7 3 1 1 1 1 1 1
+2 5 2 0 0 1
+16 2
-71 80 40 0 0 19
+16 40
-18 123 41 0 0 6
464 2 0 0 1 0 0 1
+5 2 2 0 0 2 0 0 1
+1 2
+2 1 0 1 0 0 1
+1 7 6 0 0 1
-78 5 0 1 1 0 0 1
cfi=(82)
cfn=(332)
calls=1 126 
* 56093 13676 18 11 1037 4 11 854
* 2
+1 4 2 0 1 1 0 1
-47 8 4
+1 6 3

totals: 3673961633 1187614343 450472649 1108 7901002 510008 1073 2154 33593
